0 0 0 0 0 0 0 0 0 0 0 0 0 0 18.7200 1.2600 -28.1400 -0.2477 -0.0544 -1.3228 0 0 0 0 0 -0.0265 -0.0011 -0.0050 9.6971339588553E13 0.01999999943436137
0 0 0 0 0 0 0 0 0 0 0 0 0 0 18.7200 1.2600 -28.1400 -0.1231 -0.0086 -1.2360 0 0 0 0 0 -0.0512 -0.0013 -0.0074 9.6971359595053E13 0.020006499434177538
0 0 0 0 0 0 0 0 0 0 0 0 0 0 18.7200 1.2600 -28.1400 -0.0546 -0.0391 -1.1823 0 0 0 0 0 -0.0748 -0.0020 -0.0085 9.6971379595053E13 0.01999999943436137
0 0 0 0 0 0 0 0 0 0 0 0 0 0 18.7200 1.2600 -28.1400 -0.0693 -0.3476 -1.1994 0 0 0 0 0 -0.0988 -0.0090 -0.0099 9.6971399595053E13 0.01999999943436137
0 0 0 0 0 0 0 0 0 0 0 0 0 0 18.7200 1.2600 -28.1400 -0.1005 -0.7666 -1.3118 0 0 0 0 0 -0.1251 -0.0243 -0.0119 9.6971419595053E13 0.01999999943436137
0 0 0 0 0 0 0 0 0 0 0 0 0 0 18.7200 1.2600 -28.1400 -0.1475 -0.9884 -1.3674 0 0 0 0 0 -0.1524 -0.0441 -0.0149 9.6971439595053E13 0.01999999943436137
0 0 0 0 0 0 0 0 0 0 0 0 0 0 18.7200 1.2600 -28.1400 -0.1854 -0.7880 -1.2935 0 0 0 0 0 -0.1783 -0.0599 -0.0186 9.6971459595053E13 0.01999999943436137
1 0 0 0 0 0 0 0 0 0 0 0 0 0 16.6800 2.3400 -28.8600 -0.1854 -0.7880 -1.2935 0 0 0 0 0 -0.1783 -0.0599 -0.0186 9.6971459595053E13 0.01999999943436137
0 0 0 0 0 0 0 0 0 0 0 0 0 0 16.6800 2.3400 -28.8600 -0.1713 0.0800 -1.1988 0 0 0 0 0 -0.2022 -0.0583 -0.0220 9.6971479595053E13 0.01999999943436137
0 0 0 0 0 0 0 0 0 0 0 0 0 0 16.6800 2.3400 -28.8600 -0.1133 0.2608 -1.1756 0 0 0 0 0 -0.2258 -0.0530 -0.0243 9.6971499596497E13 0.02000144343432053
0 0 0 0 0 0 0 0 0 0 0 0 0 0 16.6800 2.3400 -28.8600 -0.0412 0.3488 -1.0962 0 0 0 0 0 -0.2477 -0.0461 -0.0251 9.6971519596497E13 0.01999999943436137
0 0 0 0 0 0 0 0 0 0 0 0 0 0 16.6800 2.3400 -28.8600 0.0229 0.4484 -0.9612 0 0 0 0 0 -0.2669 -0.0371 -0.0246 9.6971539596497E13 0.01999999943436137
0 0 0 0 0 0 0 0 0 0 0 0 0 0 16.6800 2.3400 -28.8600 0.0688 0.4838 -0.7730 0 0 0 0 0 -0.2824 -0.0274 -0.0232 9.6971559596497E13 0.01999999943436137
0 0.3523 -0.9270 0.1285 0.9278 0.3640 0.0817 -0.1225 0.0904 0.9883 -1.0224 0.7542 8.2459 8.3432 16.6800 2.3400 -28.8600 0.1152 0.4636 -0.5891 291.43604 -1.1966668 -1.1967 -0.0905 0.1234 -0.2942 -0.0181 -0.0209 9.6971579596497E13 0.01999999943436137
0 0.4830 -0.8500 0.2102 0.8669 0.4979 0.0215 -0.1230 0.1719 0.9774 -1.2115 1.6928 9.6274 9.8499 16.6800 2.3400 -28.8600 0.1463 0.3427 -0.5250 300.3623 -1.0408741 -1.0409 -0.1727 0.1252 -0.3047 -0.0113 -0.0180 9.6971599596497E13 0.01999999943436137
0 0.4830 -0.8500 0.2102 0.8669 0.4979 0.0215 -0.1230 0.1719 0.9774 -1.2115 1.6928 9.6274 9.8499 16.6800 2.3400 -28.8600 0.1164 -0.0489 -0.6429 300.3623 -1.0408741 -1.0409 -0.1727 0.1252 -0.3175 -0.0123 -0.0157 9.6971619596497E13 0.01999999943436137
0 0.4830 -0.8500 0.2102 0.8669 0.4979 0.0215 -0.1230 0.1719 0.9774 -1.2115 1.6928 9.6274 9.8499 16.6800 2.3400 -28.8600 0.0553 -0.5131 -0.8213 300.3623 -1.0408741 -1.0409 -0.1727 0.1252 -0.3339 -0.0225 -0.0146 9.6971639596497E13 0.01999999943436137
0 0.4830 -0.8500 0.2102 0.8669 0.4979 0.0215 -0.1230 0.1719 0.9774 -1.2115 1.6928 9.6274 9.8499 16.6800 2.3400 -28.8600 0.0584 -0.6493 -0.9062 300.3623 -1.0408741 -1.0409 -0.1727 0.1252 -0.3521 -0.0355 -0.0134 9.6971659596497E13 0.01999999943436137
1 0.4830 -0.8500 0.2102 0.8669 0.4979 0.0215 -0.1230 0.1719 0.9774 -1.2115 1.6928 9.6274 9.8499 13.5600 4.2600 -29.4000 0.0584 -0.6493 -0.9062 300.3623 -1.0408741 -1.0409 -0.1727 0.1252 -0.3521 -0.0355 -0.0134 9.6971659596497E13 0.01999999943436137
0 0.6758 -0.7067 0.2093 0.7267 0.6863 -0.0292 -0.1230 0.1719 0.9774 -1.2115 1.6928 9.6274 9.8499 13.5600 4.2600 -29.4000 0.1616 -0.4087 -0.8243 314.1605 -0.80005044 -0.8001 -0.1727 0.1252 -0.3685 -0.0437 -0.0102 9.6971679596497E13 0.01999999943436137
0 0.6758 -0.7067 0.2093 0.7267 0.6863 -0.0292 -0.1230 0.1719 0.9774 -1.2115 1.6928 9.6274 9.8499 13.5600 4.2600 -29.4000 0.3210 0.0049 -0.5971 314.1605 -0.80005044 -0.8001 -0.1727 0.1252 -0.3805 -0.0436 -0.0038 9.6971699596497E13 0.01999999943436137
0 0.6758 -0.7067 0.2093 0.7267 0.6863 -0.0292 -0.1230 0.1719 0.9774 -1.2115 1.6928 9.6274 9.8499 13.5600 4.2600 -29.4000 0.4457 0.2608 -0.3998 314.1605 -0.80005044 -0.8001 -0.1727 0.1252 -0.3885 -0.0384 0.0052 9.6971719596497E13 0.01999999943436137
0 0.6758 -0.7067 0.2093 0.7267 0.6863 -0.0292 -0.1230 0.1719 0.9774 -1.2115 1.6928 9.6274 9.8499 13.5600 4.2600 -29.4000 0.4878 0.3622 -0.3081 314.1605 -0.80005044 -0.8001 -0.1727 0.1252 -0.3946 -0.0311 0.0149 9.6971739596497E13 0.01999999943436137
0 0.6988 -0.6794 0.2239 0.7049 0.7073 -0.0536 -0.1219 0.1952 0.9731 -1.2259 1.9633 9.7854 10.0554 13.5600 4.2600 -29.4000 0.3980 0.1613 -0.3362 316.153 -0.7652743 -0.7653 -0.1965 0.1246 -0.4014 -0.0279 0.0229 9.6971759597587E13 0.020001089434330543
0 0.6868 -0.6939 0.2162 0.7244 0.6777 -0.1262 -0.0590 0.2433 0.9682 -0.6010 2.4805 9.8692 10.1939 13.5600 4.2600 -29.4000 0.1812 -0.3293 -0.5219 314.32193 -0.79723275 -0.7972 -0.2458 0.0608 -0.4118 -0.0345 0.0265 9.6971779597587E13 0.01999999943436137
0 0.6868 -0.6939 0.2162 0.7244 0.6777 -0.1262 -0.0590 0.2433 0.9682 -0.6010 2.4805 9.8692 10.1939 13.5600 4.2600 -29.4000 -0.0137 -0.4374 -0.6765 314.32193 -0.79723275 -0.7972 -0.2458 0.0608 -0.4253 -0.0432 0.0262 9.6971799597587E13 0.01999999943436137
0 0.6868 -0.6939 0.2162 0.7244 0.6777 -0.1262 -0.0590 0.2433 0.9682 -0.6010 2.4805 9.8692 10.1939 13.5600 4.2600 -29.4000 -0.1145 -0.1545 -0.6948 314.32193 -0.79723275 -0.7972 -0.2458 0.0608 -0.4392 -0.0463 0.0239 9.6971819597587E13 0.01999999943436137
0 0.6868 -0.6939 0.2162 0.7244 0.6777 -0.1262 -0.0590 0.2433 0.9682 -0.6010 2.4805 9.8692 10.1939 13.5600 4.2600 -29.4000 -0.1701 0.1668 -0.7101 314.32193 -0.79723275 -0.7972 -0.2458 0.0608 -0.4534 -0.0430 0.0205 9.6971839597587E13 0.01999999943436137
0 0.6868 -0.6939 0.2162 0.7244 0.6777 -0.1262 -0.0590 0.2433 0.9682 -0.6010 2.4805 9.8692 10.1939 13.5600 4.2600 -29.4000 -0.2477 0.2468 -0.8103 314.32193 -0.79723275 -0.7972 -0.2458 0.0608 -0.4696 -0.0381 0.0156 9.6971859598068E13 0.020000480434347767
1 0.6868 -0.6939 0.2162 0.7244 0.6777 -0.1262 -0.0590 0.2433 0.9682 -0.6010 2.4805 9.8692 10.1939 9.4200 6.3000 -29.8800 -0.2477 0.2468 -0.8103 314.32193 -0.79723275 -0.7972 -0.2458 0.0608 -0.4696 -0.0381 0.0156 9.6971859598068E13 0.020000480434347767
0 0.8630 -0.4750 0.1719 0.5017 0.8457 -0.1820 -0.0590 0.2433 0.9682 -0.6010 2.4805 9.8692 10.1939 9.4200 6.3000 -29.8800 -0.3259 0.2095 -0.9160 330.67877 -0.51175207 -0.5118 -0.2458 0.0608 -0.4880 -0.0339 0.0091 9.6971879598068E13 0.01999999943436137
0 0.8630 -0.4750 0.1719 0.5017 0.8457 -0.1820 -0.0590 0.2433 0.9682 -0.6010 2.4805 9.8692 10.1939 9.4200 6.3000 -29.8800 -0.3558 0.3280 -0.9373 330.67877 -0.51175207 -0.5118 -0.2458 0.0608 -0.5067 -0.0273 0.0019 9.6971899598068E13 0.01999999943436137
0 0.8630 -0.4750 0.1719 0.5017 0.8457 -0.1820 -0.0590 0.2433 0.9682 -0.6010 2.4805 9.8692 10.1939 9.4200 6.3000 -29.8800 -0.3497 0.4581 -0.8640 330.67877 -0.51175207 -0.5118 -0.2458 0.0608 -0.5240 -0.0181 -0.0051 9.6971919598068E13 0.01999999943436137
0 0.8291 -0.5393 0.1477 0.5569 0.8201 -0.1314 -0.0502 0.1911 0.9803 -0.5387 2.0495 10.5109 10.7224 9.4200 6.3000 -29.8800 -0.3039 -0.0959 -0.5965 326.6702 -0.58171505 -0.5817 -0.1923 0.0512 -0.5359 -0.0201 -0.0111 9.6971939598068E13 0.01999999943436137
0 0.9405 -0.2330 0.2474 0.2725 0.9521 -0.1390 -0.2031 0.1981 0.9589 -1.9465 1.8987 9.1892 9.5831 9.4200 6.3000 -29.8800 -0.1878 -0.3195 -0.4541 346.24734 -0.24002936 -0.2400 -0.1994 0.2087 -0.5450 -0.0264 -0.0149 9.6971959597634E13 0.019999565434373645
0 0.9405 -0.2330 0.2474 0.2725 0.9521 -0.1390 -0.2031 0.1981 0.9589 -1.9465 1.8987 9.1892 9.5831 9.4200 6.3000 -29.8800 -0.0137 -0.2498 -0.3008 346.24734 -0.24002936 -0.2400 -0.1994 0.2087 -0.5510 -0.0314 -0.0152 9.6971979597634E13 0.01999999943436137
0 0.9405 -0.2330 0.2474 0.2725 0.9521 -0.1390 -0.2031 0.1981 0.9589 -1.9465 1.8987 9.1892 9.5831 9.4200 6.3000 -29.8800 0.1176 -0.1429 -0.1420 346.24734 -0.24002936 -0.2400 -0.1994 0.2087 -0.5539 -0.0343 -0.0128 9.69719995981E13 0.02000046543434819
0 0.9405 -0.2330 0.2474 0.2725 0.9521 -0.1390 -0.2031 0.1981 0.9589 -1.9465 1.8987 9.1892 9.5831 9.4200 6.3000 -29.8800 0.1390 -0.2651 -0.0168 346.24734 -0.24002936 -0.2400 -0.1994 0.2087 -0.5542 -0.0396 -0.0100 9.69720195981E13 0.01999999943436137
0 0.9405 -0.2330 0.2474 0.2725 0.9521 -0.1390 -0.2031 0.1981 0.9589 -1.9465 1.8987 9.1892 9.5831 9.4200 6.3000 -29.8800 0.1903 -0.5034 0.0199 346.24734 -0.24002936 -0.2400 -0.1994 0.2087 -0.5538 -0.0497 -0.0062 9.69720395981E13 0.01999999943436137
0 0.9405 -0.2330 0.2474 0.2725 0.9521 -0.1390 -0.2031 0.1981 0.9589 -1.9465 1.8987 9.1892 9.5831 9.4200 6.3000 -29.8800 0.3113 -0.5461 -0.0424 346.24734 -0.24002936 -0.2400 -0.1994 0.2087 -0.5546 -0.0606 0.0000 9.69720595981E13 0.01999999943436137
1 0.9405 -0.2330 0.2474 0.2725 0.9521 -0.1390 -0.2031 0.1981 0.9589 -1.9465 1.8987 9.1892 9.5831 5.3400 7.9800 -30.6600 0.3113 -0.5461 -0.0424 346.24734 -0.24002936 -0.2400 -0.1994 0.2087 -0.5546 -0.0606 0.0000 9.69720595981E13 0.01999999943436137
0 0.9784 0.0789 0.1910 -0.0378 0.9770 -0.2099 -0.2031 0.1981 0.9589 -1.9465 1.8987 9.1892 9.5831 5.3400 7.9800 -30.6600 0.3669 -0.3586 -0.1505 4.618347 0.08060555 0.0806 -0.1994 0.2087 -0.5577 -0.0678 0.0073 9.69720795981E13 0.01999999943436137
0 0.9784 0.0789 0.1910 -0.0378 0.9770 -0.2099 -0.2031 0.1981 0.9589 -1.9465 1.8987 9.1892 9.5831 5.3400 7.9800 -30.6600 0.2642 -0.1203 -0.2605 4.618347 0.08060555 0.0806 -0.1994 0.2087 -0.5629 -0.0702 0.0126 9.6972099597666E13 0.019999565434373645
0 0.9813 0.0540 0.1850 -0.0162 0.9796 -0.2005 -0.1920 0.1937 0.9621 -1.8795 1.8963 9.4167 9.7879 5.3400 7.9800 -30.6600 0.0321 -0.0971 -0.3106 3.1577759 0.055113643 0.0551 -0.1950 0.1970 -0.5691 -0.0721 0.0133 9.6972119597666E13 0.01999999943436137
0 0.9770 -0.1723 0.1253 0.1941 0.9623 -0.1907 -0.0878 0.2107 0.9736 -0.8548 2.0519 9.4837 9.7407 5.3400 7.9800 -30.6600 -0.1878 -0.1619 -0.2776 349.85 -0.17715076 -0.1772 -0.2122 0.0899 -0.5746 -0.0754 0.0095 9.6972139597666E13 0.01999999943436137
0 0.9770 -0.1723 0.1253 0.1941 0.9623 -0.1907 -0.0878 0.2107 0.9736 -0.8548 2.0519 9.4837 9.7407 5.3400 7.9800 -30.6600 -0.2788 -0.1228 -0.2355 349.85 -0.17715076 -0.1772 -0.2122 0.0899 -0.5793 -0.0778 0.0039 9.6972159597666E13 0.01999999943436137
0 0.9770 -0.1723 0.1253 0.1941 0.9623 -0.1907 -0.0878 0.2107 0.9736 -0.8548 2.0519 9.4837 9.7407 5.3400 7.9800 -30.6600 -0.2287 -0.1478 -0.2868 349.85 -0.17715076 -0.1772 -0.2122 0.0899 -0.5851 -0.0808 -0.0006 9.6972179597666E13 0.01999999943436137
0 0.9770 -0.1723 0.1253 0.1941 0.9623 -0.1907 -0.0878 0.2107 0.9736 -0.8548 2.0519 9.4837 9.7407 5.3400 7.9800 -30.6600 -0.0931 -0.2150 -0.4236 349.85 -0.17715076 -0.1772 -0.2122 0.0899 -0.5935 -0.0851 -0.0025 9.6972199597666E13 0.01999999943436137
0 0.9770 -0.1723 0.1253 0.1941 0.9623 -0.1907 -0.0878 0.2107 0.9736 -0.8548 2.0519 9.4837 9.7407 5.3400 7.9800 -30.6600 0.0077 -0.2700 -0.5446 349.85 -0.17715076 -0.1772 -0.2122 0.0899 -0.6044 -0.0905 -0.0023 9.6972219597666E13 0.01999999943436137
0 0.9770 -0.1723 0.1253 0.1941 0.9623 -0.1907 -0.0878 0.2107 0.9736 -0.8548 2.0519 9.4837 9.7407 5.3400 7.9800 -30.6600 0.0419 -0.2841 -0.5922 349.85 -0.17715076 -0.1772 -0.2122 0.0899 -0.6163 -0.0961 -0.0015 9.6972239597666E13 0.01999999943436137
0 0.9770 -0.1723 0.1253 0.1941 0.9623 -0.1907 -0.0878 0.2107 0.9736 -0.8548 2.0519 9.4837 9.7407 5.3400 7.9800 -30.6600 0.0602 -0.1521 -0.4548 349.85 -0.17715076 -0.1772 -0.2122 0.0899 -0.6254 -0.0992 -0.0003 9.6972259597666E13 0.01999999943436137
1 0.9770 -0.1723 0.1253 0.1941 0.9623 -0.1907 -0.0878 0.2107 0.9736 -0.8548 2.0519 9.4837 9.7407 2.5800 8.8200 -30.7200 0.0602 -0.1521 -0.4548 349.85 -0.17715076 -0.1772 -0.2122 0.0899 -0.6254 -0.0992 -0.0003 9.6972259597666E13 0.01999999943436137
0 0.9961 0.0122 0.0871 0.0065 0.9775 -0.2109 -0.0878 0.2107 0.9736 -0.8548 2.0519 9.4837 9.7407 2.5800 8.8200 -30.7200 0.0089 0.1491 -0.2238 0.7125244 0.01243612 0.0124 -0.2122 0.0899 -0.6299 -0.0962 -0.0001 9.6972279597666E13 0.01999999943436137
0 0.9967 -0.0159 0.0791 0.0329 0.9754 -0.2181 -0.0737 0.2199 0.9727 -0.7255 2.1644 9.5723 9.8407 2.5800 8.8200 -30.7200 -0.1768 0.3610 -0.0901 359.065 -0.016318822 -0.0163 -0.2218 0.0756 -0.6317 -0.0890 -0.0037 9.6972299597666E13 0.01999999943436137
0 0.9887 0.0997 0.1117 -0.0708 0.9687 -0.2378 -0.1319 0.2273 0.9649 -1.2378 2.1333 9.0575 9.3873 2.5800 8.8200 -30.7200 -0.3460 0.4032 -0.0259 5.8738403 0.10251776 0.1025 -0.2293 0.1358 -0.6322 -0.0809 -0.0106 9.6972319597666E13 0.01999999943436137
0 0.9887 0.0997 0.1117 -0.0708 0.9687 -0.2378 -0.1319 0.2273 0.9649 -1.2378 2.1333 9.0575 9.3873 2.5800 8.8200 -30.7200 -0.3350 0.2505 -0.0394 5.8738403 0.10251776 0.1025 -0.2293 0.1358 -0.6330 -0.0759 -0.0173 9.6972339597666E13 0.01999999943436137
0 0.9887 0.0997 0.1117 -0.0708 0.9687 -0.2378 -0.1319 0.2273 0.9649 -1.2378 2.1333 9.0575 9.3873 2.5800 8.8200 -30.7200 -0.1817 0.0562 -0.3265 5.8738403 0.10251776 0.1025 -0.2293 0.1358 -0.6395 -0.0748 -0.0209 9.6972359597299E13 0.01999963243437175
0 0.9887 0.0997 0.1117 -0.0708 0.9687 -0.2378 -0.1319 0.2273 0.9649 -1.2378 2.1333 9.0575 9.3873 2.5800 8.8200 -30.7200 -0.0345 -0.1332 -0.6179 5.8738403 0.10251776 0.1025 -0.2293 0.1358 -0.6518 -0.0775 -0.0216 9.6972379597299E13 0.01999999943436137
0 0.9887 0.0997 0.1117 -0.0708 0.9687 -0.2378 -0.1319 0.2273 0.9649 -1.2378 2.1333 9.0575 9.3873 2.5800 8.8200 -30.7200 0.0981 -0.2602 -0.1957 5.8738403 0.10251776 0.1025 -0.2293 0.1358 -0.6558 -0.0827 -0.0196 9.6972399597299E13 0.01999999943436137
0 0.9887 0.0997 0.1117 -0.0708 0.9687 -0.2378 -0.1319 0.2273 0.9649 -1.2378 2.1333 9.0575 9.3873 2.5800 8.8200 -30.7200 0.1750 -0.1478 -0.0216 5.8738403 0.10251776 0.1025 -0.2293 0.1358 -0.6562 -0.0856 -0.0161 9.6972419597299E13 0.01999999943436137
0 0.9887 0.0997 0.1117 -0.0708 0.9687 -0.2378 -0.1319 0.2273 0.9649 -1.2378 2.1333 9.0575 9.3873 2.5800 8.8200 -30.7200 0.1989 0.0428 0.0382 5.8738403 0.10251776 0.1025 -0.2293 0.1358 -0.6554 -0.0848 -0.0122 9.6972439597299E13 0.01999999943436137
0 0.9887 0.0997 0.1117 -0.0708 0.9687 -0.2378 -0.1319 0.2273 0.9649 -1.2378 2.1333 9.0575 9.3873 2.5800 8.8200 -30.7200 0.1408 0.1234 0.0816 5.8738403 0.10251776 0.1025 -0.2293 0.1358 -0.6538 -0.0823 -0.0094 9.6972459596865E13 0.019999565434373645
1 0.9621 -0.2726 0.0025 0.2574 0.9053 -0.3380 0.0899 0.3259 0.9411 0.9026 3.2730 9.4526 10.0438 0.8400 9.3600 -30.7800 0.1408 0.1234 0.0816 343.23926 -0.2925302 -0.2925 -0.3319 -0.0952 -0.6538 -0.0823 -0.0094 9.6972459596865E13 0.019999565434373645
0 0.9822 -0.1854 -0.0296 0.1649 0.9271 -0.3367 0.0899 0.3259 0.9411 0.9026 3.2730 9.4526 10.0438 0.8400 9.3600 -30.7800 0.0901 -0.0806 0.1072 348.6885 -0.19742288 -0.1974 -0.3319 -0.0952 -0.6517 -0.0839 -0.0076 9.6972479596865E13 0.01999999943436137
0 0.9995 0.0101 0.0303 -0.0032 0.9758 -0.2188 -0.0318 0.2186 0.9753 -0.2969 2.0399 9.1006 9.3312 0.8400 9.3600 -30.7800 0.0804 -0.3659 0.0663 0.59243774 0.010339956 0.0103 -0.2204 0.0326 -0.6503 -0.0912 -0.0059 9.6972499597298E13 0.020000432434349125
0 0.9995 0.0101 0.0303 -0.0032 0.9758 -0.2188 -0.0318 0.2186 0.9753 -0.2969 2.0399 9.1006 9.3312 0.8400 9.3600 -30.7800 0.0474 -0.5498 -0.0455 0.59243774 0.010339956 0.0103 -0.2204 0.0326 -0.6512 -0.1022 -0.0050 9.6972519597298E13 0.01999999943436137
0 0.9995 0.0101 0.0303 -0.0032 0.9758 -0.2188 -0.0318 0.2186 0.9753 -0.2969 2.0399 9.1006 9.3312 0.8400 9.3600 -30.7800 0.0242 -0.4942 -0.1774 0.59243774 0.010339956 0.0103 -0.2204 0.0326 -0.6548 -0.1121 -0.0045 9.6972539597298E13 0.01999999943436137
0 0.9995 0.0101 0.0303 -0.0032 0.9758 -0.2188 -0.0318 0.2186 0.9753 -0.2969 2.0399 9.1006 9.3312 0.8400 9.3600 -30.7800 0.0730 -0.3244 -0.2006 0.59243774 0.010339956 0.0103 -0.2204 0.0326 -0.6588 -0.1186 -0.0031 9.6972559597298E13 0.01999999943436137
0 0.9995 0.0101 0.0303 -0.0032 0.9758 -0.2188 -0.0318 0.2186 0.9753 -0.2969 2.0399 9.1006 9.3312 0.8400 9.3600 -30.7800 0.1867 -0.0684 -0.0833 0.59243774 0.010339956 0.0103 -0.2204 0.0326 -0.6605 -0.1200 0.0007 9.6972579597298E13 0.01999999943436137
0 0.9995 0.0101 0.0303 -0.0032 0.9758 -0.2188 -0.0318 0.2186 0.9753 -0.2969 2.0399 9.1006 9.3312 0.8400 9.3600 -30.7800 0.2685 0.0861 0.0101 0.59243774 0.010339956 0.0103 -0.2204 0.0326 -0.6603 -0.1182 0.0061 9.6972599596831E13 0.01999953243437458
0 0.9995 0.0101 0.0303 -0.0032 0.9758 -0.2188 -0.0318 0.2186 0.9753 -0.2969 2.0399 9.1006 9.3312 0.8400 9.3600 -30.7800 0.2716 0.1002 0.0681 0.59243774 0.010339956 0.0103 -0.2204 0.0326 -0.6589 -0.1162 0.0115 9.6972619596831E13 0.01999999943436137
0 0.9995 0.0101 0.0303 -0.0032 0.9758 -0.2188 -0.0318 0.2186 0.9753 -0.2969 2.0399 9.1006 9.3312 0.8400 9.3600 -30.7800 0.1433 0.0678 0.0938 0.59243774 0.010339956 0.0103 -0.2204 0.0326 -0.6570 -0.1149 0.0143 9.6972639596831E13 0.01999999943436137
0 0.9935 -0.1137 -0.0075 0.1104 0.9769 -0.1829 0.0281 0.1809 0.9831 0.2753 1.7742 9.6441 9.8098 0.8400 9.3600 -30.7800 0.0706 -0.2462 0.0132 353.3632 -0.115834326 -0.1158 -0.1819 -0.0285 -0.6568 -0.1198 0.0158 9.6972659596831E13 0.01999999943436137
1 0.9786 -0.2027 -0.0349 0.1976 0.9736 -0.1141 0.0572 0.1048 0.9929 0.6153 1.1277 10.6880 10.7650 -0.1200 9.3600 -30.9000 0.0706 -0.2462 0.0132 348.23663 -0.20530957 -0.2053 -0.1049 -0.0575 -0.6568 -0.1198 0.0158 9.6972659596831E13 0.01999999943436137
0 0.9905 -0.1302 -0.0433 0.1247 0.9859 -0.1112 0.0572 0.1048 0.9929 0.6153 1.1277 10.6880 10.7650 -0.1200 9.3600 -30.9000 0.1305 -0.3531 0.0003 352.4767 -0.13130629 -0.1313 -0.1049 -0.0575 -0.6568 -0.1269 0.0184 9.6972679596831E13 0.01999999943436137
0 0.9905 -0.1302 -0.0433 0.1247 0.9859 -0.1112 0.0572 0.1048 0.9929 0.6153 1.1277 10.6880 10.7650 -0.1200 9.3600 -30.9000 0.1812 0.0031 0.0608 352.4767 -0.13130629 -0.1313 -0.1049 -0.0575 -0.6555 -0.1268 0.0220 9.6972699596831E13 0.01999999943436137
0 0.9905 -0.1302 -0.0433 0.1247 0.9859 -0.1112 0.0572 0.1048 0.9929 0.6153 1.1277 10.6880 10.7650 -0.1200 9.3600 -30.9000 0.2587 0.1387 -0.0675 352.4767 -0.13130629 -0.1313 -0.1049 -0.0575 -0.6569 -0.1240 0.0272 9.6972719596831E13 0.01999999943436137
0 0.9905 -0.1302 -0.0433 0.1247 0.9859 -0.1112 0.0572 0.1048 0.9929 0.6153 1.1277 10.6880 10.7650 -0.1200 9.3600 -30.9000 0.3125 0.0849 -0.1854 352.4767 -0.13130629 -0.1313 -0.1049 -0.0575 -0.6606 -0.1223 0.0334 9.6972739596831E13 0.01999999943436137
0 0.9905 -0.1302 -0.0433 0.1247 0.9859 -0.1112 0.0572 0.1048 0.9929 0.6153 1.1277 10.6880 10.7650 -0.1200 9.3600 -30.9000 0.4139 0.2254 -0.0632 352.4767 -0.13130629 -0.1313 -0.1049 -0.0575 -0.6619 -0.1178 0.0417 9.6972759597631E13 0.020000799434338745
0 0.9905 -0.1302 -0.0433 0.1247 0.9859 -0.1112 0.0572 0.1048 0.9929 0.6153 1.1277 10.6880 10.7650 -0.1200 9.3600 -30.9000 0.4493 0.1674 -0.0015 352.4767 -0.13130629 -0.1313 -0.1049 -0.0575 -0.6619 -0.1145 0.0507 9.6972779597631E13 0.01999999943436137
0 0.9905 -0.1302 -0.0433 0.1247 0.9859 -0.1112 0.0572 0.1048 0.9929 0.6153 1.1277 10.6880 10.7650 -0.1200 9.3600 -30.9000 0.2887 -0.2382 -0.0620 352.4767 -0.13130629 -0.1313 -0.1049 -0.0575 -0.6631 -0.1192 0.0565 9.6972799597631E13 0.01999999943436137
0 0.9905 -0.1302 -0.0433 0.1247 0.9859 -0.1112 0.0572 0.1048 0.9929 0.6153 1.1277 10.6880 10.7650 -0.1200 9.3600 -30.9000 0.1903 -0.6616 -0.0534 352.4767 -0.13130629 -0.1313 -0.1049 -0.0575 -0.6642 -0.1325 0.0603 9.6972819597631E13 0.01999999943436137
0 0.9780 -0.1984 -0.0639 0.1789 0.9562 -0.2316 0.1071 0.2151 0.9707 1.0678 2.1453 9.6824 9.9746 -0.1200 9.3600 -30.9000 0.0889 -0.7556 0.0413 348.2774 -0.20459808 -0.2046 -0.2168 -0.1098 -0.6634 -0.1476 0.0620 9.6972839597631E13 0.01999999943436137
0 0.9820 -0.1796 -0.0582 0.1602 0.9558 -0.2464 0.0999 0.2327 0.9674 0.9625 2.2410 9.3185 9.6324 -0.1200 9.3600 -30.9000 -0.2520 -0.6255 0.0095 349.35593 -0.18577407 -0.1858 -0.2348 -0.1029 -0.6632 -0.1601 0.0570 9.6972859598064E13 0.020000432434349125
1 0.9820 -0.1796 -0.0582 0.1602 0.9558 -0.2464 0.0999 0.2327 0.9674 0.9625 2.2410 9.3185 9.6324 -1.3200 9.0000 -30.3000 -0.2520 -0.6255 0.0095 349.35593 -0.18577407 -0.1858 -0.2348 -0.1029 -0.6632 -0.1601 0.0570 9.6972859598064E13 0.020000432434349125
0 0.9910 -0.1101 -0.0759 0.0889 0.9663 -0.2416 0.0999 0.2327 0.9674 0.9625 2.2410 9.3185 9.6324 -1.3200 9.0000 -30.3000 -0.2177 -0.6249 -0.1432 353.49905 -0.11346268 -0.1135 -0.2348 -0.1029 -0.6660 -0.1726 0.0526 9.6972879598064E13 0.01999999943436137
0 0.9910 -0.1101 -0.0759 0.0889 0.9663 -0.2416 0.0999 0.2327 0.9674 0.9625 2.2410 9.3185 9.6324 -1.3200 9.0000 -30.3000 -0.0724 -0.5528 -0.2061 353.49905 -0.11346268 -0.1135 -0.2348 -0.1029 -0.6702 -0.1837 0.0512 9.6972899598064E13 0.01999999943436137
0 0.9910 -0.1101 -0.0759 0.0889 0.9663 -0.2416 0.0999 0.2327 0.9674 0.9625 2.2410 9.3185 9.6324 -1.3200 9.0000 -30.3000 -0.2379 0.1277 -0.0974 353.49905 -0.11346268 -0.1135 -0.2348 -0.1029 -0.6721 -0.1811 0.0464 9.6972919598064E13 0.01999999943436137
0 0.9910 -0.1101 -0.0759 0.0889 0.9663 -0.2416 0.0999 0.2327 0.9674 0.9625 2.2410 9.3185 9.6324 -1.3200 9.0000 -30.3000 -0.6991 0.8015 0.0107 353.49905 -0.11346268 -0.1135 -0.2348 -0.1029 -0.6719 -0.1651 0.0325 9.6972939598064E13 0.01999999943436137
0 0.9910 -0.1101 -0.0759 0.0889 0.9663 -0.2416 0.0999 0.2327 0.9674 0.9625 2.2410 9.3185 9.6324 -1.3200 9.0000 -30.3000 -1.1243 1.0996 -0.0534 353.49905 -0.11346268 -0.1135 -0.2348 -0.1029 -0.6730 -0.1431 0.0100 9.697295959763E13 0.019999565434373645
0 0.9910 -0.1101 -0.0759 0.0889 0.9663 -0.2416 0.0999 0.2327 0.9674 0.9625 2.2410 9.3185 9.6324 -1.3200 9.0000 -30.3000 -1.2525 0.9853 -0.1383 353.49905 -0.11346268 -0.1135 -0.2348 -0.1029 -0.6757 -0.1233 -0.0151 9.6972979648893E13 0.020051262432911554
0 0.9910 -0.1101 -0.0759 0.0889 0.9663 -0.2416 0.0999 0.2327 0.9674 0.9625 2.2410 9.3185 9.6324 -1.3200 9.0000 -30.3000 -0.9532 0.3848 -0.0833 353.49905 -0.11346268 -0.1135 -0.2348 -0.1029 -0.6774 -0.1156 -0.0342 9.6972999649326E13 0.020000432434349125
0 0.9937 -0.0884 -0.0695 0.0716 0.9741 -0.2143 0.0867 0.2079 0.9743 0.8643 2.0734 9.7160 9.9723 -1.3200 9.0000 -30.3000 -0.5849 -0.1240 0.1060 354.8165 -0.09046902 -0.0905 -0.2094 -0.0887 -0.6753 -0.1181 -0.0459 9.6973019649326E13 0.01999999943436137
0 0.9514 0.3040 0.0489 -0.3011 0.9517 -0.0596 -0.0646 0.0420 0.9970 -0.7326 0.4765 11.3010 11.3347 -1.3200 9.0000 -30.3000 -0.4205 -0.3024 0.3760 17.716583 0.30921265 0.3092 -0.0420 0.0647 -0.6678 -0.1242 -0.0543 9.6973039649326E13 0.01999999943436137
0 0.9514 0.3040 0.0489 -0.3011 0.9517 -0.0596 -0.0646 0.0420 0.9970 -0.7326 0.4765 11.3010 11.3347 -1.3200 9.0000 -30.3000 -0.4034 -0.1943 0.5996 17.716583 0.30921265 0.3092 -0.0420 0.0647 -0.6558 -0.1280 -0.0624 9.6973059649326E13 0.01999999943436137
1 0.9514 0.3040 0.0489 -0.3011 0.9517 -0.0596 -0.0646 0.0420 0.9970 -0.7326 0.4765 11.3010 11.3347 -2.4600 8.7000 -30.2400 -0.4034 -0.1943 0.5996 17.716583 0.30921265 0.3092 -0.0420 0.0647 -0.6558 -0.1280 -0.0624 9.6973059649326E13 0.01999999943436137
0 0.9134 0.4048 0.0422 -0.4018 0.9134 -0.0646 -0.0646 0.0420 0.9970 -0.7326 0.4765 11.3010 11.3347 -2.4600 8.7000 -30.2400 -0.3741 -0.0018 0.4396 23.900757 0.41714707 0.4171 -0.0420 0.0647 -0.6470 -0.1281 -0.0699 9.6973079649326E13 0.01999999943436137
0 0.9134 0.4048 0.0422 -0.4018 0.9134 -0.0646 -0.0646 0.0420 0.9970 -0.7326 0.4765 11.3010 11.3347 -2.4600 8.7000 -30.2400 -0.3375 0.0202 0.1604 23.900757 0.41714707 0.4171 -0.0420 0.0647 -0.6438 -0.1277 -0.0766 9.6973099648892E13 0.019999565434373645
0 0.9134 0.4048 0.0422 -0.4018 0.9134 -0.0646 -0.0646 0.0420 0.9970 -0.7326 0.4765 11.3010 11.3347 -2.4600 8.7000 -30.2400 0.1543 -0.2474 -0.0241 23.900757 0.41714707 0.4171 -0.0420 0.0647 -0.6443 -0.1326 -0.0735 9.6973119648892E13 0.01999999943436137
0 0.9134 0.4048 0.0422 -0.4018 0.9134 -0.0646 -0.0646 0.0420 0.9970 -0.7326 0.4765 11.3010 11.3347 -2.4600 8.7000 -30.2400 0.6674 -0.4557 -0.1029 23.900757 0.41714707 0.4171 -0.0420 0.0647 -0.6463 -0.1417 -0.0602 9.6973139648892E13 0.01999999943436137
0 0.9134 0.4048 0.0422 -0.4018 0.9134 -0.0646 -0.0646 0.0420 0.9970 -0.7326 0.4765 11.3010 11.3347 -2.4600 8.7000 -30.2400 0.6143 -0.3036 0.0132 23.900757 0.41714707 0.4171 -0.0420 0.0647 -0.6461 -0.1478 -0.0479 9.6973159648892E13 0.01999999943436137
0 0.9134 0.4048 0.0422 -0.4018 0.9134 -0.0646 -0.0646 0.0420 0.9970 -0.7326 0.4765 11.3010 11.3347 -2.4600 8.7000 -30.2400 0.2319 -0.2395 0.1237 23.900757 0.41714707 0.4171 -0.0420 0.0647 -0.6436 -0.1526 -0.0433 9.6973179648892E13 0.01999999943436137
0 0.9937 0.0991 -0.0523 -0.1055 0.9846 -0.1391 0.0377 0.1438 0.9889 0.4405 1.6784 11.5452 11.6749 -2.4600 8.7000 -30.2400 -0.2318 -0.2755 0.0492 5.7473755 0.10031086 0.1003 -0.1443 -0.0381 -0.6426 -0.1581 -0.0479 9.6973199648892E13 0.01999999943436137
0 0.9965 -0.0077 -0.0833 0.0013 0.9971 -0.0761 0.0836 0.0757 0.9936 0.8907 0.8069 10.5851 10.6531 -2.4600 8.7000 -30.2400 -0.5091 -0.1368 -0.0180 359.5603 -0.0076744272 -0.0077 -0.0758 -0.0839 -0.6430 -0.1608 -0.0581 9.6973219648892E13 0.01999999943436137
0 0.9965 -0.0077 -0.0833 0.0013 0.9971 -0.0761 0.0836 0.0757 0.9936 0.8907 0.8069 10.5851 10.6531 -2.4600 8.7000 -30.2400 -0.3692 0.3036 0.0413 359.5603 -0.0076744272 -0.0077 -0.0758 -0.0839 -0.6421 -0.1548 -0.0655 9.6973239648892E13 0.01999999943436137
0 0.9965 -0.0077 -0.0833 0.0013 0.9971 -0.0761 0.0836 0.0757 0.9936 0.8907 0.8069 10.5851 10.6531 -2.4600 8.7000 -30.2400 -0.1200 0.6787 0.1225 359.5603 -0.0076744272 -0.0077 -0.0758 -0.0839 -0.6397 -0.1412 -0.0679 9.6973259649692E13 0.020000799434338745
1 0.9965 -0.0077 -0.0833 0.0013 0.9971 -0.0761 0.0836 0.0757 0.9936 0.8907 0.8069 10.5851 10.6531 -2.8800 9.0000 -30.3600 -0.1200 0.6787 0.1225 359.5603 -0.0076744272 -0.0077 -0.0758 -0.0839 -0.6397 -0.1412 -0.0679 9.6973259649692E13 0.020000799434338745
0 0.9959 0.0286 -0.0860 -0.0350 0.9967 -0.0730 0.0836 0.0757 0.9936 0.8907 0.8069 10.5851 10.6531 -2.8800 9.0000 -30.3600 -0.0577 0.3855 -0.0913 1.6459656 0.02872762 0.0287 -0.0758 -0.0839 -0.6415 -0.1335 -0.0690 9.6973279649692E13 0.01999999943436137
0 0.9959 0.0286 -0.0860 -0.0350 0.9967 -0.0730 0.0836 0.0757 0.9936 0.8907 0.8069 10.5851 10.6531 -2.8800 9.0000 -30.3600 -0.0950 0.0990 -0.1053 1.6459656 0.02872762 0.0287 -0.0758 -0.0839 -0.6436 -0.1315 -0.0709 9.6973299649692E13 0.01999999943436137
0 0.9959 0.0286 -0.0860 -0.0350 0.9967 -0.0730 0.0836 0.0757 0.9936 0.8907 0.8069 10.5851 10.6531 -2.8800 9.0000 -30.3600 0.4878 -0.3372 -0.0100 1.6459656 0.02872762 0.0287 -0.0758 -0.0839 -0.6438 -0.1382 -0.0612 9.6973319649692E13 0.01999999943436137
0 0.9959 0.0286 -0.0860 -0.0350 0.9967 -0.0730 0.0836 0.0757 0.9936 0.8907 0.8069 10.5851 10.6531 -2.8800 9.0000 -30.3600 0.5923 -0.3940 0.0284 1.6459656 0.02872762 0.0287 -0.0758 -0.0839 -0.6432 -0.1461 -0.0493 9.6973339649692E13 0.01999999943436137
0 0.9959 0.0286 -0.0860 -0.0350 0.9967 -0.0730 0.0836 0.0757 0.9936 0.8907 0.8069 10.5851 10.6531 -2.8800 9.0000 -30.3600 0.4835 -0.6500 0.1017 1.6459656 0.02872762 0.0287 -0.0758 -0.0839 -0.6412 -0.1591 -0.0396 9.6973359649325E13 0.01999963243437175
0 0.9959 0.0286 -0.0860 -0.0350 0.9967 -0.0730 0.0836 0.0757 0.9936 0.8907 0.8069 10.5851 10.6531 -2.8800 9.0000 -30.3600 0.6301 -0.6500 0.4267 1.6459656 0.02872762 0.0287 -0.0758 -0.0839 -0.6327 -0.1721 -0.0270 9.6973379649325E13 0.01999999943436137
0 0.9948 -0.0181 -0.0998 -0.0084 0.9657 -0.2595 0.1010 0.2590 0.9606 1.0535 2.7007 10.0153 10.4264 -2.8800 9.0000 -30.3600 0.8727 -1.0660 0.4304 358.9235 -0.018788762 -0.0188 -0.2620 -0.1048 -0.6241 -0.1934 -0.0096 9.6973399649325E13 0.01999999943436137
0 0.9948 -0.0181 -0.0998 -0.0084 0.9657 -0.2595 0.1010 0.2590 0.9606 1.0535 2.7007 10.0153 10.4264 -2.8800 9.0000 -30.3600 0.7969 -1.3463 0.1518 358.9235 -0.018788762 -0.0188 -0.2620 -0.1048 -0.6210 -0.2204 0.0063 9.6973419649325E13 0.01999999943436137
0 0.9948 -0.0181 -0.0998 -0.0084 0.9657 -0.2595 0.1010 0.2590 0.9606 1.0535 2.7007 10.0153 10.4264 -2.8800 9.0000 -30.3600 0.8494 -1.4361 -0.0754 358.9235 -0.018788762 -0.0188 -0.2620 -0.1048 -0.6225 -0.2491 0.0233 9.6973439649325E13 0.01999999943436137
0 0.9948 -0.0181 -0.0998 -0.0084 0.9657 -0.2595 0.1010 0.2590 0.9606 1.0535 2.7007 10.0153 10.4264 -2.8800 9.0000 -30.3600 1.1048 -1.8503 -0.2183 358.9235 -0.018788762 -0.0188 -0.2620 -0.1048 -0.6269 -0.2861 0.0454 9.6973459648891E13 0.019999565434373645
1 0.9948 -0.0181 -0.0998 -0.0084 0.9657 -0.2595 0.1010 0.2590 0.9606 1.0535 2.7007 10.0153 10.4264 -3.3600 9.3600 -29.9400 1.1048 -1.8503 -0.2183 358.9235 -0.018788762 -0.0188 -0.2620 -0.1048 -0.6269 -0.2861 0.0454 9.6973459648891E13 0.019999565434373645
0 0.9941 0.0120 -0.1078 -0.0395 0.9658 -0.2563 0.1010 0.2590 0.9606 1.0535 2.7007 10.0153 10.4264 -3.3600 9.3600 -29.9400 0.9826 -2.0696 -0.2568 0.7126465 0.012438233 0.0124 -0.2620 -0.1048 -0.6320 -0.3275 0.0651 9.6973479648891E13 0.01999999943436137
0 0.9941 0.0120 -0.1078 -0.0395 0.9658 -0.2563 0.1010 0.2590 0.9606 1.0535 2.7007 10.0153 10.4264 -3.3600 9.3600 -29.9400 0.5917 -1.8570 -0.4028 0.7126465 0.012438233 0.0124 -0.2620 -0.1048 -0.6401 -0.3646 0.0769 9.6973499649324E13 0.020000432434349125
0 0.9941 0.0120 -0.1078 -0.0395 0.9658 -0.2563 0.1010 0.2590 0.9606 1.0535 2.7007 10.0153 10.4264 -3.3600 9.3600 -29.9400 0.3290 -1.7068 -0.6881 0.7126465 0.012438233 0.0124 -0.2620 -0.1048 -0.6539 -0.3988 0.0835 9.6973519649324E13 0.01999999943436137
0 0.9941 0.0120 -0.1078 -0.0395 0.9658 -0.2563 0.1010 0.2590 0.9606 1.0535 2.7007 10.0153 10.4264 -3.3600 9.3600 -29.9400 0.5043 -0.9145 -0.9587 0.7126465 0.012438233 0.0124 -0.2620 -0.1048 -0.6730 -0.4171 0.0936 9.6973539649324E13 0.01999999943436137
0 0.9930 -0.0164 -0.1166 -0.0250 0.9384 -0.3445 0.1150 0.3451 0.9315 1.1660 3.4980 9.4430 10.1374 -3.3600 9.3600 -29.9400 1.1769 0.0373 -0.7736 359.00116 -0.01743325 -0.0174 -0.3523 -0.1229 -0.6885 -0.4163 0.1171 9.6973559649324E13 0.01999999943436137
0 0.9081 -0.3598 -0.2144 0.2977 0.9145 -0.2739 0.2946 0.1849 0.9376 4.2690 2.6792 13.5851 14.4899 -3.3600 9.3600 -29.9400 1.8568 0.9554 -0.4596 338.52362 -0.37483352 -0.3748 -0.1860 -0.3045 -0.6977 -0.3972 0.1543 9.6973579649324E13 0.01999999943436137
0 0.9081 -0.3598 -0.2144 0.2977 0.9145 -0.2739 0.2946 0.1849 0.9376 4.2690 2.6792 13.5851 14.4899 -3.3600 9.3600 -29.9400 2.0449 2.2052 -0.4517 338.52362 -0.37483352 -0.3748 -0.1860 -0.3045 -0.7067 -0.3531 0.1952 9.697359964889E13 0.019999565434373645
0 0.9081 -0.3598 -0.2144 0.2977 0.9145 -0.2739 0.2946 0.1849 0.9376 4.2690 2.6792 13.5851 14.4899 -3.3600 9.3600 -29.9400 1.5892 2.4624 -0.4712 338.52362 -0.37483352 -0.3748 -0.1860 -0.3045 -0.7162 -0.3039 0.2269 9.697361964889E13 0.01999999943436137
0 0.9081 -0.3598 -0.2144 0.2977 0.9145 -0.2739 0.2946 0.1849 0.9376 4.2690 2.6792 13.5851 14.4899 -3.3600 9.3600 -29.9400 0.5226 1.8986 -0.3265 338.52362 -0.37483352 -0.3748 -0.1860 -0.3045 -0.7227 -0.2659 0.2374 9.697363964889E13 0.01999999943436137
0 0.9081 -0.3598 -0.2144 0.2977 0.9145 -0.2739 0.2946 0.1849 0.9376 4.2690 2.6792 13.5851 14.4899 -3.3600 9.3600 -29.9400 -0.3931 2.3231 -0.1567 338.52362 -0.37483352 -0.3748 -0.1860 -0.3045 -0.7258 -0.2194 0.2295 9.697365964889E13 0.01999999943436137
1 0.9081 -0.3598 -0.2144 0.2977 0.9145 -0.2739 0.2946 0.1849 0.9376 4.2690 2.6792 13.5851 14.4899 -5.2200 9.3000 -30.0600 -0.3931 2.3231 -0.1567 338.52362 -0.37483352 -0.3748 -0.1860 -0.3045 -0.7258 -0.2194 0.2295 9.697365964889E13 0.01999999943436137
0 0.9348 -0.2594 -0.2426 0.1984 0.9479 -0.2493 0.2946 0.1849 0.9376 4.2690 2.6792 13.5851 14.4899 -5.2200 9.3000 -30.0600 -1.2831 2.9334 -0.1444 344.69412 -0.26713774 -0.2671 -0.1860 -0.3045 -0.7287 -0.1608 0.2039 9.697367964889E13 0.01999999943436137
0 0.9348 -0.2594 -0.2426 0.1984 0.9479 -0.2493 0.2946 0.1849 0.9376 4.2690 2.6792 13.5851 14.4899 -5.2200 9.3000 -30.0600 -1.7571 2.8026 -0.3228 344.69412 -0.26713774 -0.2671 -0.1860 -0.3045 -0.7352 -0.1047 0.1687 9.697369964889E13 0.01999999943436137
0 0.9348 -0.2594 -0.2426 0.1984 0.9479 -0.2493 0.2946 0.1849 0.9376 4.2690 2.6792 13.5851 14.4899 -5.2200 9.3000 -30.0600 -1.3869 2.2504 -0.5519 344.69412 -0.26713774 -0.2671 -0.1860 -0.3045 -0.7462 -0.0597 0.1410 9.697371964889E13 0.01999999943436137
0 0.8989 -0.3495 -0.2642 0.2476 0.9028 -0.3517 0.3615 0.2508 0.8980 4.7143 3.2706 11.7128 13.0427 -5.2200 9.3000 -30.0600 -0.5830 1.3225 -0.6166 338.8374 -0.36935687 -0.3694 -0.2535 -0.3827 -0.7585 -0.0332 0.1293 9.697373964889E13 0.01999999943436137
0 0.8610 0.5085 0.0078 -0.4926 0.8377 -0.2357 -0.1264 0.1991 0.9718 -1.3240 2.0854 10.1781 10.4735 -5.2200 9.3000 -30.0600 0.2386 -0.1313 -0.6747 31.259735 0.54558545 0.5456 -0.2005 0.1294 -0.7720 -0.0359 0.1341 9.697375964889E13 0.01999999943436137
0 0.8610 0.5085 0.0078 -0.4926 0.8377 -0.2357 -0.1264 0.1991 0.9718 -1.3240 2.0854 10.1781 10.4735 -5.2200 9.3000 -30.0600 0.8030 -0.8344 -0.5855 31.259735 0.54558545 0.5456 -0.2005 0.1294 -0.7837 -0.0526 0.1502 9.697377964889E13 0.01999999943436137
0 0.8610 0.5085 0.0078 -0.4926 0.8377 -0.2357 -0.1264 0.1991 0.9718 -1.3240 2.0854 10.1781 10.4735 -5.2200 9.3000 -30.0600 0.1176 -0.6322 -0.3882 31.259735 0.54558545 0.5456 -0.2005 0.1294 -0.7915 -0.0652 0.1525 9.697379964889E13 0.01999999943436137
0 0.8610 0.5085 0.0078 -0.4926 0.8377 -0.2357 -0.1264 0.1991 0.9718 -1.3240 2.0854 10.1781 10.4735 -5.2200 9.3000 -30.0600 -0.4340 -0.5962 -0.3008 31.259735 0.54558545 0.5456 -0.2005 0.1294 -0.7975 -0.0771 0.1438 9.697381964889E13 0.01999999943436137
0 0.8610 0.5085 0.0078 -0.4926 0.8377 -0.2357 -0.1264 0.1991 0.9718 -1.3240 2.0854 10.1781 10.4735 -5.2200 9.3000 -30.0600 -0.4719 -0.9316 -0.3204 31.259735 0.54558545 0.5456 -0.2005 0.1294 -0.8039 -0.0958 0.1344 9.697383964889E13 0.01999999943436137
0 0.8610 0.5085 0.0078 -0.4926 0.8377 -0.2357 -0.1264 0.1991 0.9718 -1.3240 2.0854 10.1781 10.4735 -5.2200 9.3000 -30.0600 -0.5287 -1.0110 -0.3307 31.259735 0.54558545 0.5456 -0.2005 0.1294 -0.8105 -0.1160 0.1238 9.6973859648523E13 0.01999963243437175
1 0.8610 0.5085 0.0078 -0.4926 0.8377 -0.2357 -0.1264 0.1991 0.9718 -1.3240 2.0854 10.1781 10.4735 -4.3200 8.1600 -30.8400 -0.5287 -1.0110 -0.3307 31.259735 0.54558545 0.5456 -0.2005 0.1294 -0.8105 -0.1160 0.1238 9.6973859648523E13 0.01999963243437175
0 0.8667 0.4987 0.0106 -0.4826 0.8436 -0.2356 -0.1264 0.1991 0.9718 -1.3240 2.0854 10.1781 10.4735 -4.3200 8.1600 -30.8400 -0.9306 -0.7343 -0.3521 30.592377 0.53393775 0.5339 -0.2005 0.1294 -0.8176 -0.1307 0.1052 9.6973879648523E13 0.01999999943436137
0 0.8667 0.4987 0.0106 -0.4826 0.8436 -0.2356 -0.1264 0.1991 0.9718 -1.3240 2.0854 10.1781 10.4735 -4.3200 8.1600 -30.8400 -1.3979 -0.5779 -0.4480 30.592377 0.53393775 0.5339 -0.2005 0.1294 -0.8265 -0.1422 0.0772 9.6973899648523E13 0.01999999943436137
0 0.8208 0.5701 0.0359 -0.5400 0.7949 -0.2768 -0.1863 0.2078 0.9603 -1.8627 2.0782 9.6034 10.0007 -4.3200 8.1600 -30.8400 -1.1041 -0.6261 -0.5849 35.645844 0.62213725 0.6221 -0.2093 0.1916 -0.8382 -0.1547 0.0552 9.6973919648523E13 0.01999999943436137
0 0.9880 0.1094 -0.1094 -0.1214 0.9865 -0.1098 0.0959 0.1218 0.9879 1.2283 1.5587 12.6466 12.8013 -4.3200 8.1600 -30.8400 -0.2458 -0.4655 -0.6960 6.329254 0.110466115 0.1105 -0.1221 -0.0968 -0.8522 -0.1641 0.0502 9.6973939648523E13 0.01999999943436137
0 0.9880 0.1094 -0.1094 -0.1214 0.9865 -0.1098 0.0959 0.1218 0.9879 1.2283 1.5587 12.6466 12.8013 -4.3200 8.1600 -30.8400 0.2062 -0.2773 -0.8017 6.329254 0.110466115 0.1105 -0.1221 -0.0968 -0.8682 -0.1696 0.0544 9.6973959648089E13 0.019999565434373645
0 0.9880 0.1094 -0.1094 -0.1214 0.9865 -0.1098 0.0959 0.1218 0.9879 1.2283 1.5587 12.6466 12.8013 -4.3200 8.1600 -30.8400 -0.1005 -0.3183 -0.8683 6.329254 0.110466115 0.1105 -0.1221 -0.0968 -0.8856 -0.1760 0.0524 9.6973979648089E13 0.01999999943436137
0 0.9880 0.1094 -0.1094 -0.1214 0.9865 -0.1098 0.0959 0.1218 0.9879 1.2283 1.5587 12.6466 12.8013 -4.3200 8.1600 -30.8400 -0.7370 -0.4795 -1.0119 6.329254 0.110466115 0.1105 -0.1221 -0.0968 -0.9058 -0.1856 0.0376 9.6973999648522E13 0.020000432434349125
0 0.9880 0.1094 -0.1094 -0.1214 0.9865 -0.1098 0.0959 0.1218 0.9879 1.2283 1.5587 12.6466 12.8013 -4.3200 8.1600 -30.8400 -1.2458 -0.4710 -1.1200 6.329254 0.110466115 0.1105 -0.1221 -0.0968 -0.9282 -0.1950 0.0127 9.6974019648522E13 0.01999999943436137
0 0.9880 0.1094 -0.1094 -0.1214 0.9865 -0.1098 0.0959 0.1218 0.9879 1.2283 1.5587 12.6466 12.8013 -4.3200 8.1600 -30.8400 -1.7700 -0.3390 -1.0222 6.329254 0.110466115 0.1105 -0.1221 -0.0968 -0.9486 -0.2018 -0.0227 9.6974039648522E13 0.01999999943436137
0 0.9880 0.1094 -0.1094 -0.1214 0.9865 -0.1098 0.0959 0.1218 0.9879 1.2283 1.5587 12.6466 12.8013 -4.3200 8.1600 -30.8400 -2.2935 -0.2639 -0.9184 6.329254 0.110466115 0.1105 -0.1221 -0.0968 -0.9670 -0.2070 -0.0686 9.6974059648522E13 0.01999999943436137
1 0.9880 0.1094 -0.1094 -0.1214 0.9865 -0.1098 0.0959 0.1218 0.9879 1.2283 1.5587 12.6466 12.8013 -4.9200 6.1800 -31.1400 -2.2935 -0.2639 -0.9184 6.329254 0.110466115 0.1105 -0.1221 -0.0968 -0.9670 -0.2070 -0.0686 9.6974059648522E13 0.01999999943436137
0 0.9758 0.1846 -0.1175 -0.1967 0.9752 -0.1011 0.0959 0.1218 0.9879 1.2283 1.5587 12.6466 12.8013 -4.9200 6.1800 -31.1400 -2.4248 -0.2205 -0.9117 10.720459 0.18710747 0.1871 -0.1221 -0.0968 -0.9852 -0.2114 -0.1171 9.6974079648522E13 0.01999999943436137
0 0.9838 0.1219 -0.1313 -0.1504 0.9601 -0.2359 0.0973 0.2518 0.9629 0.9026 2.3368 8.9354 9.2799 -4.9200 6.1800 -31.1400 -1.5806 0.1509 -0.8591 7.234192 0.12626027 0.1263 -0.2546 -0.1007 -1.0024 -0.2084 -0.1487 9.6974099648088E13 0.019999565434373645
0 0.7736 0.6336 0.0035 -0.6333 0.7730 0.0379 0.0213 -0.0315 0.9993 0.2682 -0.3974 12.5987 12.6078 -4.9200 6.1800 -31.1400 -0.2678 0.4386 -0.7681 39.342743 0.68666047 0.6867 0.0315 -0.0213 -1.0178 -0.1997 -0.1540 9.6974119648088E13 0.01999999943436137
0 0.7736 0.6336 0.0035 -0.6333 0.7730 0.0379 0.0213 -0.0315 0.9993 0.2682 -0.3974 12.5987 12.6078 -4.9200 6.1800 -31.1400 0.7285 0.4594 -0.7034 39.342743 0.68666047 0.6867 0.0315 -0.0213 -1.0319 -0.1905 -0.1395 9.6974139648088E13 0.01999999943436137
0 0.7736 0.6336 0.0035 -0.6333 0.7730 0.0379 0.0213 -0.0315 0.9993 0.2682 -0.3974 12.5987 12.6078 -4.9200 6.1800 -31.1400 1.0241 0.2456 -0.7339 39.342743 0.68666047 0.6867 0.0315 -0.0213 -1.0465 -0.1856 -0.1190 9.6974159648088E13 0.01999999943436137
0 0.7736 0.6336 0.0035 -0.6333 0.7730 0.0379 0.0213 -0.0315 0.9993 0.2682 -0.3974 12.5987 12.6078 -4.9200 6.1800 -31.1400 0.6931 0.0599 -0.6679 39.342743 0.68666047 0.6867 0.0315 -0.0213 -1.0599 -0.1844 -0.1051 9.6974179648088E13 0.01999999943436137
0 0.7736 0.6336 0.0035 -0.6333 0.7730 0.0379 0.0213 -0.0315 0.9993 0.2682 -0.3974 12.5987 12.6078 -4.9200 6.1800 -31.1400 0.1769 0.1845 -0.4535 39.342743 0.68666047 0.6867 0.0315 -0.0213 -1.0690 -0.1807 -0.1016 9.6974199648088E13 0.01999999943436137
0 0.7736 0.6336 0.0035 -0.6333 0.7730 0.0379 0.0213 -0.0315 0.9993 0.2682 -0.3974 12.5987 12.6078 -4.9200 6.1800 -31.1400 -0.0430 0.3580 -0.3668 39.342743 0.68666047 0.6867 0.0315 -0.0213 -1.0763 -0.1735 -0.1024 9.6974219648088E13 0.01999999943436137
0 0.7736 0.6336 0.0035 -0.6333 0.7730 0.0379 0.0213 -0.0315 0.9993 0.2682 -0.3974 12.5987 12.6078 -4.9200 6.1800 -31.1400 0.3577 0.3317 -0.7351 39.342743 0.68666047 0.6867 0.0315 -0.0213 -1.0910 -0.1669 -0.0953 9.6974239648088E13 0.01999999943436137
0 0.7736 0.6336 0.0035 -0.6333 0.7730 0.0379 0.0213 -0.0315 0.9993 0.2682 -0.3974 12.5987 12.6078 -4.9200 6.1800 -31.1400 0.4848 0.1093 -1.1737 39.342743 0.68666047 0.6867 0.0315 -0.0213 -1.1145 -0.1647 -0.0856 9.6974259648888E13 0.020000799434338745
1 0.8669 0.4969 -0.0384 -0.4975 0.8674 -0.0065 0.0300 0.0247 0.9992 0.3232 0.2658 10.7503 10.7584 -6.5400 5.9400 -31.4400 0.4848 0.1093 -1.1737 29.807678 0.5202419 0.5202 -0.0247 -0.0301 -1.1145 -0.1647 -0.0856 9.6974259648888E13 0.020000799434338745
0 0.7678 0.6395 -0.0389 -0.6400 0.7684 0.0002 0.0300 0.0247 0.9992 0.3232 0.2658 10.7503 10.7584 -6.5400 5.9400 -31.4400 0.5159 -0.2089 -1.4755 39.76889 0.69409794 0.6941 -0.0247 -0.0301 -1.1440 -0.1689 -0.0753 9.6974279648888E13 0.01999999943436137
0 0.8490 0.5227 -0.0779 -0.5281 0.8444 -0.0903 0.0185 0.1178 0.9929 0.2011 1.2785 10.7766 10.8541 -6.5400 5.9400 -31.4400 0.4793 -0.3158 -1.5769 31.75763 0.55427504 0.5543 -0.1181 -0.0187 -1.1755 -0.1752 -0.0657 9.6974299648888E13 0.01999999943436137
