0 -0.8938 0.3802 -0.2378 -0.4266 -0.8843 0.1897 -0.1382 0.2710 0.9526 -1.2977 2.5451 8.9474 9.3924 -5.0400 -26.8200 -23.9400 0.5587 -1.3598 0.3467 156.73425 2.7355292 2.7355 -0.2744 0.1440 61.0397 -235.8174 96.9789 9.8305235071399E13 173.06516430038275
0 -0.9085 0.3600 -0.2121 -0.4067 -0.8785 0.2508 -0.0960 0.3141 0.9445 -0.9409 3.0790 9.2587 9.8025 -5.0400 -26.8200 -23.9400 0.7853 -0.9047 0.3467 157.71521 2.75265 2.7527 -0.3195 0.1013 61.0467 -235.8355 96.9945 9.8305255058399E13 0.019986999434729036
0 -0.9901 0.1179 0.0763 -0.0903 -0.9505 0.2973 0.1076 0.2875 0.9517 1.2259 3.2754 10.8437 11.3937 -5.0400 -26.8200 -23.9400 1.1201 -0.1930 0.2942 172.92633 3.0181334 3.0181 -0.2916 -0.1126 61.0525 -235.8393 97.0169 9.8305275051899E13 0.019993499434545203
0 -0.9901 0.1179 0.0763 -0.0903 -0.9505 0.2973 0.1076 0.2875 0.9517 1.2259 3.2754 10.8437 11.3937 -5.0400 -26.8200 -23.9400 1.3644 0.5150 0.1292 172.92633 3.0181334 3.0181 -0.2916 -0.1126 61.0551 -235.8290 97.0442 9.8305295047565E13 0.019995665434483945
1 -0.9901 0.1179 0.0763 -0.0903 -0.9505 0.2973 0.1076 0.2875 0.9517 1.2259 3.2754 10.8437 11.3937 -5.2200 -28.0800 -22.9200 1.3644 0.5150 0.1292 172.92633 3.0181334 3.0181 -0.2916 -0.1126 61.0551 -235.8290 97.0442 9.8305295047565E13 0.019995665434483945
0 -0.9896 0.1230 0.0747 -0.0955 -0.9499 0.2977 0.1076 0.2875 0.9517 1.2259 3.2754 10.8437 11.3937 -5.2200 -28.0800 -22.9200 1.4023 0.6164 0.0254 172.62378 3.0128536 3.0129 -0.2916 -0.1126 61.0556 -235.8167 97.0723 9.8305315044315E13 0.019996749434453287
0 -0.9896 0.1230 0.0747 -0.0955 -0.9499 0.2977 0.1076 0.2875 0.9517 1.2259 3.2754 10.8437 11.3937 -5.2200 -28.0800 -22.9200 1.1824 0.2602 -0.0162 172.62378 3.0128536 3.0129 -0.2916 -0.1126 61.0553 -235.8115 97.0959 9.8305335041715E13 0.019997399434434904
0 -0.9795 0.2001 -0.0221 -0.1962 -0.9246 0.3266 0.0450 0.3243 0.9449 0.4405 3.1772 9.2587 9.7985 -5.2200 -28.0800 -22.9200 0.5348 0.1136 -0.2232 167.78833 2.928459 2.9285 -0.3302 -0.0475 61.0508 -235.8092 97.1066 9.8305355039548E13 0.019997832434422658
0 -0.8873 0.3792 -0.2625 -0.4586 -0.7859 0.4147 -0.0491 0.4884 0.8713 -0.4358 4.3360 7.7359 8.8789 -5.2200 -28.0800 -22.9200 -0.1707 0.0568 -0.4132 154.2409 2.6920116 2.6920 -0.5102 0.0563 61.0426 -235.8081 97.1032 9.830537503769E13 0.01999814143441392
0 -0.8873 0.3792 -0.2625 -0.4586 -0.7859 0.4147 -0.0491 0.4884 0.8713 -0.4358 4.3360 7.7359 8.8789 -5.2200 -28.0800 -22.9200 -0.4199 -0.0696 -0.5018 154.2409 2.6920116 2.6920 -0.5102 0.0563 61.0325 -235.8095 97.0948 9.8305395036065E13 0.01999837443440733
1 -0.8873 0.3792 -0.2625 -0.4586 -0.7859 0.4147 -0.0491 0.4884 0.8713 -0.4358 4.3360 7.7359 8.8789 -6.0000 -29.3400 -21.4800 -0.4199 -0.0696 -0.5018 154.2409 2.6920116 2.6920 -0.5102 0.0563 61.0325 -235.8095 97.0948 9.8305395036065E13 0.01999837443440733
0 -0.8917 0.3716 -0.2585 -0.4500 -0.7896 0.4172 -0.0491 0.4884 0.8713 -0.4358 4.3360 7.7359 8.8789 -6.0000 -29.3400 -21.4800 -0.2489 -0.6408 0.1402 154.79626 2.701704 2.7017 -0.5102 0.0563 61.0353 -235.8223 97.0898 9.830541503462E13 0.019998554434402238
0 -0.8917 0.3716 -0.2585 -0.4500 -0.7896 0.4172 -0.0491 0.4884 0.8713 -0.4358 4.3360 7.7359 8.8789 -6.0000 -29.3400 -21.4800 -0.5403 -0.7373 0.2044 154.79626 2.701704 2.7017 -0.5102 0.0563 61.0394 -235.8370 97.0790 9.830543503332E13 0.019998699434398137
0 -0.9417 0.3017 -0.1491 -0.3347 -0.8858 0.3213 -0.0351 0.3525 0.9352 -0.3256 3.2658 8.6649 9.2656 -6.0000 -29.3400 -21.4800 -0.7431 -0.6817 -0.0186 161.19043 2.8133032 2.8133 -0.3602 0.0376 61.0391 -235.8507 97.0641 9.8305455032138E13 0.0199988174343948
0 -0.9739 0.2245 -0.0346 -0.2243 -0.9264 0.3023 0.0358 0.3022 0.9526 0.3807 3.2107 10.1206 10.6245 -6.0000 -29.3400 -21.4800 -0.7260 -0.0208 0.0400 166.38 2.903879 2.9039 -0.3070 -0.0376 61.0399 -235.8511 97.0496 9.8305475031054E13 0.01999891543439203
0 -0.9739 0.2245 -0.0346 -0.2243 -0.9264 0.3023 0.0358 0.3022 0.9526 0.3807 3.2107 10.1206 10.6245 -6.0000 -29.3400 -21.4800 -0.8030 0.8393 0.2148 166.38 2.903879 2.9039 -0.3070 -0.0376 61.0442 -235.8343 97.0336 9.8305495030054E13 0.019998999434389653
1 -0.9739 0.2245 -0.0346 -0.2243 -0.9264 0.3023 0.0358 0.3022 0.9526 0.3807 3.2107 10.1206 10.6245 -6.8400 -30.6000 -19.4400 -0.8030 0.8393 0.2148 166.38 2.903879 2.9039 -0.3070 -0.0376 61.0442 -235.8343 97.0336 9.8305495030054E13 0.019998999434389653
0 -0.9693 0.2424 -0.0404 -0.2431 -0.9219 0.3016 0.0358 0.3022 0.9526 0.3807 3.2107 10.1206 10.6245 -6.8400 -30.6000 -19.4400 -0.9777 1.0892 0.1439 165.27106 2.8845243 2.8845 -0.3070 -0.0376 61.0470 -235.8125 97.0140 9.8305515029125E13 0.019999070434387645
0 -0.9693 0.2424 -0.0404 -0.2431 -0.9219 0.3016 0.0358 0.3022 0.9526 0.3807 3.2107 10.1206 10.6245 -6.8400 -30.6000 -19.4400 -1.0412 0.8424 -0.1652 165.27106 2.8845243 2.8845 -0.3070 -0.0376 61.0437 -235.7957 96.9932 9.8305535028258E13 0.01999913243438589
0 -0.9743 0.2248 -0.0110 -0.2131 -0.9057 0.3665 0.0724 0.3594 0.9304 0.7279 3.6130 9.3520 10.0521 -6.8400 -30.6000 -19.4400 -0.8402 0.7037 -0.4945 166.0611 2.8983128 2.8983 -0.3677 -0.0777 61.0338 -235.7816 96.9764 9.8305555027445E13 0.019999186434384364
0 -0.9643 0.2567 -0.0648 -0.2645 -0.9240 0.2761 0.0110 0.2834 0.9589 0.1030 2.6457 8.9522 9.3355 -6.8400 -30.6000 -19.4400 -0.7028 0.6029 -0.6612 164.47382 2.87061 2.8706 -0.2873 -0.0115 61.0206 -235.7696 96.9623 9.830557502668E13 0.019999234434383006
0 -0.9643 0.2567 -0.0648 -0.2645 -0.9240 0.2761 0.0110 0.2834 0.9589 0.1030 2.6457 8.9522 9.3355 -6.8400 -30.6000 -19.4400 -0.8518 0.4630 -0.6288 164.47382 2.87061 2.8706 -0.2873 -0.0115 61.0080 -235.7603 96.9453 9.8305595026346E13 0.019999665434370817
1 -0.9643 0.2567 -0.0648 -0.2645 -0.9240 0.2761 0.0110 0.2834 0.9589 0.1030 2.6457 8.9522 9.3355 -7.6800 -30.9000 -19.1400 -0.8518 0.4630 -0.6288 164.47382 2.87061 2.8706 -0.2873 -0.0115 61.0080 -235.7603 96.9453 9.8305595026346E13 0.019999665434370817
0 -0.9565 0.2827 -0.0725 -0.2916 -0.9164 0.2742 0.0110 0.2834 0.9589 0.1030 2.6457 8.9522 9.3355 -7.6800 -30.9000 -19.1400 -1.0363 0.2743 -0.4780 162.85815 2.8424108 2.8424 -0.2873 -0.0115 60.9985 -235.7548 96.9246 9.8305615025661E13 0.019999314434380744
0 -0.9565 0.2827 -0.0725 -0.2916 -0.9164 0.2742 0.0110 0.2834 0.9589 0.1030 2.6457 8.9522 9.3355 -7.6800 -30.9000 -19.1400 -1.0113 0.0898 -0.3686 162.85815 2.8424108 2.8424 -0.2873 -0.0115 60.9911 -235.7530 96.9044 9.8305635025011E13 0.019999349434379754
0 -0.9431 0.3097 -0.1215 -0.3313 -0.9074 0.2584 -0.0302 0.2840 0.9584 -0.2634 2.4733 8.3464 8.7092 -7.6800 -30.9000 -19.1400 -0.8005 -0.1643 -0.2452 161.15814 2.8127406 2.8127 -0.2879 0.0315 60.9862 -235.7563 96.8883 9.8305655024391E13 0.019999379434378906
0 -0.9414 0.3126 -0.1269 -0.3306 -0.9296 0.1628 -0.0671 0.1952 0.9785 -0.6560 1.9082 9.5651 9.7757 -7.6800 -30.9000 -19.1400 -0.6337 -0.4398 -0.1481 161.4143 2.8172107 2.8172 -0.1965 0.0685 60.9832 -235.7651 96.8757 9.83056750238E13 0.019999408434378085
0 -0.9414 0.3126 -0.1269 -0.3306 -0.9296 0.1628 -0.0671 0.1952 0.9785 -0.6560 1.9082 9.5651 9.7757 -7.6800 -30.9000 -19.1400 -0.6356 -0.5327 -0.1200 161.4143 2.8172107 2.8172 -0.1965 0.0685 60.9808 -235.7757 96.8630 9.8305695023234E13 0.01999943343437738
1 -0.9414 0.3126 -0.1269 -0.3306 -0.9296 0.1628 -0.0671 0.1952 0.9785 -0.6560 1.9082 9.5651 9.7757 -7.1400 -30.1200 -19.8600 -0.6356 -0.5327 -0.1200 161.4143 2.8172107 2.8172 -0.1965 0.0685 60.9808 -235.7757 96.8630 9.8305695023234E13 0.01999943343437738
0 -0.9435 0.3067 -0.1259 -0.3246 -0.9316 0.1636 -0.0671 0.1952 0.9785 -0.6560 1.9082 9.5651 9.7757 -7.1400 -30.1200 -19.8600 -0.5934 -0.4325 -0.0950 161.77997 2.8235927 2.8236 -0.1965 0.0685 60.9789 -235.7844 96.8511 9.8305715022692E13 0.0199994574343767
0 -0.9435 0.3067 -0.1259 -0.3246 -0.9316 0.1636 -0.0671 0.1952 0.9785 -0.6560 1.9082 9.5651 9.7757 -7.1400 -30.1200 -19.8600 -0.4914 -0.3757 -0.0778 161.77997 2.8235927 2.8236 -0.1965 0.0685 60.9774 -235.7919 96.8413 9.8305735022692E13 0.01999999943436137
0 -0.9465 0.3010 -0.1162 -0.3153 -0.9392 0.1359 -0.0682 0.1652 0.9839 -0.6991 1.6928 10.0799 10.2449 -7.1400 -30.1200 -19.8600 -0.4260 -0.3708 -0.0504 162.23071 2.8314605 2.8315 -0.1660 0.0692 60.9764 -235.7993 96.8327 9.8305755022192E13 0.01999949943437551
0 -0.9610 0.2694 -0.0630 -0.2763 -0.9461 0.1691 -0.0141 0.1799 0.9836 -0.1341 1.7095 9.3472 9.5032 -7.1400 -30.1200 -19.8600 -0.4438 -0.3286 -0.0235 164.10712 2.86421 2.8642 -0.1809 0.0143 60.9759 -235.8059 96.8239 9.830577502171E13 0.019999517434375003
0 -0.9610 0.2694 -0.0630 -0.2763 -0.9461 0.1691 -0.0141 0.1799 0.9836 -0.1341 1.7095 9.3472 9.5032 -7.1400 -30.1200 -19.8600 -0.5641 -0.2602 0.0034 164.10712 2.86421 2.8642 -0.1809 0.0143 60.9760 -235.8111 96.8126 9.8305795021245E13 0.019999534434374522
1 -0.9610 0.2694 -0.0630 -0.2763 -0.9461 0.1691 -0.0141 0.1799 0.9836 -0.1341 1.7095 9.3472 9.5032 -6.9000 -28.8000 -21.4200 -0.5641 -0.2602 0.0034 164.10712 2.86421 2.8642 -0.1809 0.0143 60.9760 -235.8111 96.8126 9.8305795021245E13 0.019999534434374522
0 -0.9585 0.2776 -0.0645 -0.2847 -0.9437 0.1685 -0.0141 0.1799 0.9836 -0.1341 1.7095 9.3472 9.5032 -6.9000 -28.8000 -21.4200 -0.6649 -0.1765 -0.0119 163.60608 2.8554645 2.8555 -0.1809 0.0143 60.9757 -235.8146 96.7993 9.8305815020796E13 0.01999955043437407
0 -0.9585 0.2776 -0.0645 -0.2847 -0.9437 0.1685 -0.0141 0.1799 0.9836 -0.1341 1.7095 9.3472 9.5032 -6.9000 -28.8000 -21.4200 -0.5397 -0.1124 -0.0595 163.60608 2.8554645 2.8555 -0.1809 0.0143 60.9746 -235.8169 96.7885 9.8305835020362E13 0.019999565434373645
0 -0.9595 0.2750 -0.0606 -0.2814 -0.9441 0.1719 -0.0100 0.1821 0.9832 -0.0958 1.7502 9.4526 9.6137 -6.9000 -28.8000 -21.4200 -0.2568 -0.0373 -0.0925 163.76001 2.8581517 2.8582 -0.1831 0.0101 60.9727 -235.8176 96.7834 9.8305855020362E13 0.01999999943436137
0 -0.9734 0.2290 0.0057 -0.2246 -0.9591 0.1722 0.0449 0.1663 0.9851 0.5028 1.8627 11.0328 11.2003 -6.9000 -28.8000 -21.4200 -0.0149 0.3305 -0.2263 166.57294 2.9072464 2.9072 -0.1671 -0.0455 60.9682 -235.8110 96.7831 9.8305875020362E13 0.01999999943436137
0 -0.9734 0.2290 0.0057 -0.2246 -0.9591 0.1722 0.0449 0.1663 0.9851 0.5028 1.8627 11.0328 11.2003 -6.9000 -28.8000 -21.4200 -0.1560 0.5327 -0.3582 166.57294 2.9072464 2.9072 -0.1671 -0.0455 60.9610 -235.8004 96.7799 9.8305895020362E13 0.01999999943436137
1 -0.9734 0.2290 0.0057 -0.2246 -0.9591 0.1722 0.0449 0.1663 0.9851 0.5028 1.8627 11.0328 11.2003 -6.4200 -27.2400 -23.3400 -0.1560 0.5327 -0.3582 166.57294 2.9072464 2.9072 -0.1671 -0.0455 60.9610 -235.8004 96.7799 9.8305895020362E13 0.01999999943436137
0 -0.9746 0.2240 0.0066 -0.2196 -0.9603 0.1721 0.0449 0.1663 0.9851 0.5028 1.8627 11.0328 11.2003 -6.4200 -27.2400 -23.3400 -0.3265 0.6762 -0.3924 166.86731 2.912384 2.9124 -0.1671 -0.0455 60.9532 -235.7868 96.7734 9.8305915020362E13 0.01999999943436137
0 -0.9746 0.2240 0.0066 -0.2196 -0.9603 0.1721 0.0449 0.1663 0.9851 0.5028 1.8627 11.0328 11.2003 -6.4200 -27.2400 -23.3400 -0.3778 0.7501 -0.3601 166.86731 2.912384 2.9124 -0.1671 -0.0455 60.9460 -235.7718 96.7659 9.8305935020362E13 0.01999999943436137
0 -0.9735 0.2287 0.0009 -0.2241 -0.9549 0.1947 0.0454 0.1893 0.9809 0.4765 1.9872 10.2954 10.4962 -6.4200 -27.2400 -23.3400 -0.2385 0.6677 -0.3460 166.53424 2.9065707 2.9066 -0.1905 -0.0462 60.9391 -235.7585 96.7611 9.8305954987462E13 0.019967099435291846
0 -0.9344 0.3316 -0.1300 -0.3401 -0.9391 0.0494 -0.1057 0.0904 0.9903 -1.0607 0.9074 9.9386 10.0362 -6.4200 -27.2400 -23.3400 0.0480 0.4704 -0.3008 160.55048 2.802134 2.8021 -0.0905 0.1063 60.9330 -235.7491 96.7620 9.8305974954128E13 0.01996666543530412
0 -0.9344 0.3316 -0.1300 -0.3401 -0.9391 0.0494 -0.1057 0.0904 0.9903 -1.0607 0.9074 9.9386 10.0362 -6.4200 -27.2400 -23.3400 0.3388 0.1509 -0.2422 160.55048 2.802134 2.8021 -0.0905 0.1063 60.9282 -235.7461 96.7688 9.8305994920794E13 0.01996666543530412
1 -0.9344 0.3316 -0.1300 -0.3401 -0.9391 0.0494 -0.1057 0.0904 0.9903 -1.0607 0.9074 9.9386 10.0362 -5.6400 -25.8000 -24.8400 0.3388 0.1509 -0.2422 160.55048 2.802134 2.8021 -0.0905 0.1063 60.9282 -235.7461 96.7688 9.8305994920794E13 0.01996666543530412
0 -0.9352 0.3295 -0.1299 -0.3380 -0.9398 0.0497 -0.1057 0.0904 0.9903 -1.0607 0.9074 9.9386 10.0362 -5.6400 -25.8000 -24.8400 0.5843 -0.0947 -0.1872 160.67993 2.8043942 2.8044 -0.0905 0.1063 60.9245 -235.7480 96.7805 9.830601488746E13 0.01996666543530412
0 -0.9352 0.3295 -0.1299 -0.3380 -0.9398 0.0497 -0.1057 0.0904 0.9903 -1.0607 0.9074 9.9386 10.0362 -5.6400 -25.8000 -24.8400 0.8116 -0.1790 -0.0626 160.67993 2.8043942 2.8044 -0.0905 0.1063 60.9232 -235.7516 96.7967 9.8306034854126E13 0.01996666543530412
0 -0.9297 0.3399 -0.1419 -0.3486 -0.9364 0.0412 -0.1189 0.0878 0.9890 -1.1804 0.8715 9.8213 9.9303 -5.6400 -25.8000 -24.8400 0.9716 -0.0867 0.1225 160.05176 2.7934299 2.7934 -0.0879 0.1196 60.9257 -235.7533 96.8161 9.8306054820792E13 0.01996666543530412
0 -0.9214 0.3545 -0.1590 -0.3678 -0.9278 0.0628 -0.1253 0.1164 0.9853 -1.1804 1.0966 9.2850 9.4237 -5.6400 -25.8000 -24.8400 0.9728 0.0189 0.2447 159.08728 2.7765968 2.7766 -0.1166 0.1264 60.9306 -235.7529 96.8355 9.8306074787458E13 0.01996666543530412
0 -0.9214 0.3545 -0.1590 -0.3678 -0.9278 0.0628 -0.1253 0.1164 0.9853 -1.1804 1.0966 9.2850 9.4237 -5.6400 -25.8000 -24.8400 0.7731 0.0281 0.2380 159.08728 2.7765968 2.7766 -0.1166 0.1264 60.9353 -235.7524 96.8509 9.8306094754558E13 0.019967099435291846
1 -0.9214 0.3545 -0.1590 -0.3678 -0.9278 0.0628 -0.1253 0.1164 0.9853 -1.1804 1.0966 9.2850 9.4237 -5.4000 -25.6200 -25.1400 0.7731 0.0281 0.2380 159.08728 2.7765968 2.7766 -0.1166 0.1264 60.9353 -235.7524 96.8509 9.8306094754558E13 0.019967099435291846
0 -0.9231 0.3503 -0.1587 -0.3636 -0.9294 0.0635 -0.1253 0.1164 0.9853 -1.1804 1.0966 9.2850 9.4237 -5.4000 -25.6200 -25.1400 0.5049 0.0916 0.2099 159.3471 2.7811313 2.7811 -0.1166 0.1264 60.9395 -235.7505 96.8610 9.8306114721224E13 0.01996666543530412
0 -0.9231 0.3503 -0.1587 -0.3636 -0.9294 0.0635 -0.1253 0.1164 0.9853 -1.1804 1.0966 9.2850 9.4237 -5.4000 -25.6200 -25.1400 0.3113 0.2633 0.2007 159.3471 2.7811313 2.7811 -0.1166 0.1264 60.9435 -235.7453 96.8672 9.830613468789E13 0.01996666543530412
0 -0.9119 0.3688 -0.1800 -0.3917 -0.9131 0.1135 -0.1225 0.1740 0.9771 -1.1157 1.5850 8.9019 9.1105 -5.4000 -25.6200 -25.1400 0.2563 0.5198 0.1964 158.00592 2.757724 2.7577 -0.1749 0.1247 60.9474 -235.7349 96.8724 9.8306154654556E13 0.01996666543530412
0 -0.8911 0.3993 -0.2155 -0.4282 -0.8971 0.1084 -0.1501 0.1889 0.9705 -1.4174 1.7837 9.1653 9.4442 -5.4000 -25.6200 -25.1400 0.2288 0.6909 0.1445 156.00665 2.7228298 2.7228 -0.1900 0.1534 60.9503 -235.7211 96.8769 9.8306174621222E13 0.01996666543530412
0 -0.8911 0.3993 -0.2155 -0.4282 -0.8971 0.1084 -0.1501 0.1889 0.9705 -1.4174 1.7837 9.1653 9.4442 -5.4000 -25.6200 -25.1400 0.0865 0.8198 0.1341 156.00665 2.7228298 2.7228 -0.1900 0.1534 60.9530 -235.7047 96.8787 9.8306194587655E13 0.01996643243531071
1 -0.8911 0.3993 -0.2155 -0.4282 -0.8971 0.1084 -0.1501 0.1889 0.9705 -1.4174 1.7837 9.1653 9.4442 -5.1000 -25.6800 -25.2600 0.0865 0.8198 0.1341 156.00665 2.7228298 2.7228 -0.1900 0.1534 60.9530 -235.7047 96.8787 9.8306194587655E13 0.01996643243531071
0 -0.8961 0.3887 -0.2142 -0.4177 -0.9018 0.1109 -0.1501 0.1889 0.9705 -1.4174 1.7837 9.1653 9.4442 -5.1000 -25.6800 -25.2600 -0.0559 1.1258 0.1830 156.68298 2.7346342 2.7346 -0.1900 0.1534 60.9566 -235.6822 96.8775 9.8306214554321E13 0.01996666543530412
0 -0.8961 0.3887 -0.2142 -0.4177 -0.9018 0.1109 -0.1501 0.1889 0.9705 -1.4174 1.7837 9.1653 9.4442 -5.1000 -25.6800 -25.2600 -0.1176 1.4032 0.1726 156.68298 2.7346342 2.7346 -0.1900 0.1534 60.9601 -235.6542 96.8752 9.8306234520987E13 0.01996666543530412
0 -0.8961 0.3887 -0.2142 -0.4192 -0.8998 0.1209 -0.1457 0.1982 0.9693 -1.5036 2.0447 10.0009 10.3179 -5.1000 -25.6800 -25.2600 -0.1218 1.4398 0.1036 156.6388 2.7338622 2.7339 -0.1995 0.1492 60.9622 -235.6255 96.8728 9.8306254487653E13 0.01996666543530412
0 -0.8194 0.4764 -0.3189 -0.5278 -0.8440 0.0951 -0.2239 0.2462 0.9430 -2.0830 2.2913 8.7750 9.3054 -5.1000 -25.6800 -25.2600 -0.1029 1.3347 0.0065 150.55823 2.627737 2.6277 -0.2488 0.2331 60.9623 -235.5988 96.8707 9.8306274454319E13 0.01996666543530412
0 -0.8194 0.4764 -0.3189 -0.5278 -0.8440 0.0951 -0.2239 0.2462 0.9430 -2.0830 2.2913 8.7750 9.3054 -5.1000 -25.6800 -25.2600 -0.2055 1.2462 -0.1139 150.55823 2.627737 2.6277 -0.2488 0.2331 60.9600 -235.5740 96.8666 9.8306294420985E13 0.01996666543530412
1 -0.8194 0.4764 -0.3189 -0.5278 -0.8440 0.0951 -0.2239 0.2462 0.9430 -2.0830 2.2913 8.7750 9.3054 -4.0200 -26.3400 -24.6000 -0.2055 1.2462 -0.1139 150.55823 2.627737 2.6277 -0.2488 0.2331 60.9600 -235.5740 96.8666 9.8306294420985E13 0.01996666543530412
0 -0.8514 0.4215 -0.3122 -0.4743 -0.8728 0.1153 -0.2239 0.2462 0.9430 -2.0830 2.2913 8.7750 9.3054 -4.0200 -26.3400 -24.6000 -0.3637 1.2669 -0.2190 154.22253 2.691691 2.6917 -0.2488 0.2331 60.9556 -235.5487 96.8593 9.8306314387651E13 0.01996666543530412
0 -0.8514 0.4215 -0.3122 -0.4743 -0.8728 0.1153 -0.2239 0.2462 0.9430 -2.0830 2.2913 8.7750 9.3054 -4.0200 -26.3400 -24.6000 -0.4737 1.3158 -0.2434 154.22253 2.691691 2.6917 -0.2488 0.2331 60.9508 -235.5224 96.8499 9.8306334353884E13 0.019966232435316367
0 -0.8425 0.4307 -0.3235 -0.4791 -0.8736 0.0847 -0.2461 0.2263 0.9424 -2.3224 2.1357 8.8923 9.4355 -4.0200 -26.3400 -24.6000 -0.7541 0.8467 -0.2745 153.75684 2.6835635 2.6836 -0.2283 0.2555 60.9453 -235.5055 96.8348 9.830635432055E13 0.01996666543530412
0 -0.7377 0.5175 -0.4335 -0.5322 -0.8409 -0.0982 -0.4154 0.1582 0.8958 -3.8907 1.4821 8.3895 9.3658 -4.0200 -26.3400 -24.6000 -0.8194 0.4936 -0.1628 148.39246 2.589937 2.5899 -0.1589 0.4342 60.9421 -235.4956 96.8185 9.8306374287216E13 0.01996666543530412
0 -0.7377 0.5175 -0.4335 -0.5322 -0.8409 -0.0982 -0.4154 0.1582 0.8958 -3.8907 1.4821 8.3895 9.3658 -4.0200 -26.3400 -24.6000 -0.7077 0.2083 0.1042 148.39246 2.589937 2.5899 -0.1589 0.4342 60.9441 -235.4915 96.8043 9.8306394253882E13 0.01996666543530412
1 -0.7377 0.5175 -0.4335 -0.5322 -0.8409 -0.0982 -0.4154 0.1582 0.8958 -3.8907 1.4821 8.3895 9.3658 -2.1600 -27.0600 -23.7000 -0.7077 0.2083 0.1042 148.39246 2.589937 2.5899 -0.1589 0.4342 60.9441 -235.4915 96.8043 9.8306394253882E13 0.01996666543530412
0 -0.7785 0.4476 -0.4401 -0.4706 -0.8801 -0.0627 -0.4154 0.1582 0.8958 -3.8907 1.4821 8.3895 9.3658 -2.1600 -27.0600 -23.7000 -0.4028 -0.0464 0.2642 153.04517 2.6711419 2.6711 -0.1589 0.4342 60.9494 -235.4924 96.7963 9.8306414220548E13 0.01996666543530412
0 -0.7785 0.4476 -0.4401 -0.4706 -0.8801 -0.0627 -0.4154 0.1582 0.8958 -3.8907 1.4821 8.3895 9.3658 -2.1600 -27.0600 -23.7000 -0.1169 -0.3641 0.2062 153.04517 2.6711419 2.6711 -0.1589 0.4342 60.9535 -235.4997 96.7940 9.8306434187214E13 0.01996666543530412
0 -0.8143 0.4179 -0.4029 -0.3986 -0.9071 -0.1353 -0.4220 0.0505 0.9052 -4.1445 0.4956 8.8899 9.8211 -2.1600 -27.0600 -23.7000 -0.1444 -0.7385 0.0541 155.26562 2.709896 2.7099 -0.0505 0.4362 60.9546 -235.5144 96.7911 9.8306454154314E13 0.019967099435291846
0 -0.8703 0.3620 -0.3340 -0.4044 -0.9122 0.0653 -0.2810 0.1919 0.9403 -2.5810 1.7622 8.6361 9.1842 -2.1600 -27.0600 -23.7000 -0.3815 -0.8363 -0.1744 158.35718 2.7638543 2.7639 -0.1931 0.2904 60.9511 -235.5311 96.7835 9.830647412098E13 0.01996666543530412
0 -0.8703 0.3620 -0.3340 -0.4044 -0.9122 0.0653 -0.2810 0.1919 0.9403 -2.5810 1.7622 8.6361 9.1842 -2.1600 -27.0600 -23.7000 -0.4914 -0.7336 -0.2208 158.35718 2.7638543 2.7639 -0.1931 0.2904 60.9467 -235.5458 96.7736 9.8306494087646E13 0.01996666543530412
1 -0.8703 0.3620 -0.3340 -0.4044 -0.9122 0.0653 -0.2810 0.1919 0.9403 -2.5810 1.7622 8.6361 9.1842 -0.3600 -26.8200 -23.6400 -0.4914 -0.7336 -0.2208 158.35718 2.7638543 2.7639 -0.1931 0.2904 60.9467 -235.5458 96.7736 9.8306494087646E13 0.01996666543530412
0 -0.8947 0.3020 -0.3290 -0.3471 -0.9338 0.0868 -0.2810 0.1919 0.9403 -2.5810 1.7622 8.6361 9.1842 -0.3600 -26.8200 -23.6400 -0.1328 -0.5449 0.0914 162.07684 2.8287742 2.8288 -0.1931 0.2904 60.9485 -235.5566 96.7710 9.8306514054312E13 0.01996666543530412
0 -0.8947 0.3020 -0.3290 -0.3471 -0.9338 0.0868 -0.2810 0.1919 0.9403 -2.5810 1.7622 8.6361 9.1842 -0.3600 -26.8200 -23.6400 0.5446 -0.3293 0.3015 162.07684 2.8287742 2.8288 -0.1931 0.2904 60.9546 -235.5632 96.7819 9.8306534020978E13 0.01996666543530412
0 -0.8997 0.2954 -0.3214 -0.3005 -0.9531 -0.0346 -0.3166 0.0654 0.9463 -3.3831 0.6991 10.1134 10.6872 -0.3600 -26.8200 -23.6400 0.9484 -0.4209 0.1616 162.78308 2.8411007 2.8411 -0.0655 0.3228 60.9578 -235.5716 96.8008 9.8306554020544E13 0.019999565434373645
0 -0.9429 0.2273 -0.2436 -0.2465 -0.9678 0.0507 -0.2242 0.1078 0.9686 -2.3344 1.1229 10.0847 10.4121 -0.3600 -26.8200 -23.6400 0.9997 -0.6915 -0.0003 166.78064 2.9108715 2.9109 -0.1081 0.2275 60.9578 -235.5855 96.8208 9.8306574020544E13 0.01999999943436137
0 -0.9429 0.2273 -0.2436 -0.2465 -0.9678 0.0507 -0.2242 0.1078 0.9686 -2.3344 1.1229 10.0847 10.4121 -0.3600 -26.8200 -23.6400 1.2386 -0.4881 0.0352 166.78064 2.9108715 2.9109 -0.1081 0.2275 60.9585 -235.5952 96.8456 9.8306594020977E13 0.020000432434349125
1 -0.9429 0.2273 -0.2436 -0.2465 -0.9678 0.0507 -0.2242 0.1078 0.9686 -2.3344 1.1229 10.0847 10.4121 1.5000 -26.2200 -24.2400 1.2386 -0.4881 0.0352 166.78064 2.9108715 2.9109 -0.1081 0.2275 60.9585 -235.5952 96.8456 9.8306594020977E13 0.020000432434349125
0 -0.9563 0.1671 -0.2400 -0.1878 -0.9800 0.0657 -0.2242 0.1078 0.9686 -2.3344 1.1229 10.0847 10.4121 1.5000 -26.2200 -24.2400 1.7712 -0.0232 0.0767 170.32117 2.9726655 2.9727 -0.1081 0.2275 60.9600 -235.5957 96.8810 9.8306614020977E13 0.01999999943436137
0 -0.9563 0.1671 -0.2400 -0.1878 -0.9800 0.0657 -0.2242 0.1078 0.9686 -2.3344 1.1229 10.0847 10.4121 1.5000 -26.2200 -24.2400 1.9490 0.5418 0.1897 170.32117 2.9726655 2.9727 -0.1081 0.2275 60.9638 -235.5848 96.9200 9.8306634020977E13 0.01999999943436137
0 -0.9530 0.1745 -0.2477 -0.2040 -0.9740 0.0987 -0.2240 0.1446 0.9638 -2.8228 1.8220 12.1438 12.6000 1.5000 -26.2200 -24.2400 1.5458 0.7630 0.3430 169.84369 2.9643319 2.9643 -0.1451 0.2284 60.9707 -235.5696 96.9509 9.8306654020977E13 0.01999999943436137
0 -0.8700 0.3070 -0.3859 -0.4268 -0.8608 0.2774 -0.2470 0.4060 0.8799 -2.3177 3.8093 8.2555 9.3827 1.5000 -26.2200 -24.2400 1.0168 0.6060 0.1268 160.37238 2.7990263 2.7990 -0.4181 0.2737 60.9732 -235.5575 96.9713 9.8306674020977E13 0.01999999943436137
0 -0.8700 0.3070 -0.3859 -0.4268 -0.8608 0.2774 -0.2470 0.4060 0.8799 -2.3177 3.8093 8.2555 9.3827 1.5000 -26.2200 -24.2400 0.6430 0.6048 -0.0412 160.37238 2.7990263 2.7990 -0.4181 0.2737 60.9724 -235.5454 96.9841 9.8306694020543E13 0.019999565434373645
1 -0.8700 0.3070 -0.3859 -0.4268 -0.8608 0.2774 -0.2470 0.4060 0.8799 -2.3177 3.8093 8.2555 9.3827 2.2200 -26.4600 -24.2400 0.6430 0.6048 -0.0412 160.37238 2.7990263 2.7990 -0.4181 0.2737 60.9724 -235.5454 96.9841 9.8306694020543E13 0.019999565434373645
0 -0.8888 0.2668 -0.3726 -0.3860 -0.8741 0.2949 -0.2470 0.4060 0.8799 -2.3177 3.8093 8.2555 9.3827 2.2200 -26.4600 -24.2400 0.4224 1.1967 0.1280 163.02588 2.8453386 2.8453 -0.4181 0.2737 60.9750 -235.5214 96.9926 9.8306714020543E13 0.01999999943436137
0 -0.8888 0.2668 -0.3726 -0.3860 -0.8741 0.2949 -0.2470 0.4060 0.8799 -2.3177 3.8093 8.2555 9.3827 2.2200 -26.4600 -24.2400 0.4298 1.7196 0.2905 163.02588 2.8453386 2.8453 -0.4181 0.2737 60.9808 -235.4870 97.0012 9.8306734020543E13 0.01999999943436137
0 -0.9122 0.2325 -0.3373 -0.2964 -0.9429 0.1518 -0.2828 0.2385 0.9291 -2.9785 2.5116 9.7854 10.5325 2.2200 -26.4600 -24.2400 0.5458 1.8222 -0.0400 166.14856 2.8998399 2.8998 -0.2408 0.2955 60.9800 -235.4506 97.0121 9.8306754020543E13 0.01999999943436137
0 -0.6655 0.4731 -0.5773 -0.6020 -0.7975 0.0405 -0.4413 0.3745 0.8155 -3.9242 3.3304 7.2523 8.8931 2.2200 -26.4600 -24.2400 0.4151 1.9193 -0.5238 149.32288 2.6061757 2.6062 -0.3839 0.4960 60.9695 -235.4122 97.0204 9.8306774020543E13 0.01999999943436137
0 -0.6655 0.4731 -0.5773 -0.6020 -0.7975 0.0405 -0.4413 0.3745 0.8155 -3.9242 3.3304 7.2523 8.8931 2.2200 -26.4600 -24.2400 0.1695 1.9224 -0.5818 149.32288 2.6061757 2.6062 -0.3839 0.4960 60.9578 -235.3738 97.0238 9.8306794020543E13 0.01999999943436137
0 -0.6655 0.4731 -0.5773 -0.6020 -0.7975 0.0405 -0.4413 0.3745 0.8155 -3.9242 3.3304 7.2523 8.8931 2.2200 -26.4600 -24.2400 -0.0962 1.3775 -0.5830 149.32288 2.6061757 2.6062 -0.3839 0.4960 60.9462 -235.3462 97.0218 9.8306814020543E13 0.01999999943436137
1 -0.6655 0.4731 -0.5773 -0.6020 -0.7975 0.0405 -0.4413 0.3745 0.8155 -3.9242 3.3304 7.2523 8.8931 2.0400 -27.4200 -23.3400 -0.0962 1.3775 -0.5830 149.32288 2.6061757 2.6062 -0.3839 0.4960 60.9462 -235.3462 97.0218 9.8306814020543E13 0.01999999943436137
0 -0.6909 0.4381 -0.5750 -0.5726 -0.8172 0.0654 -0.4413 0.3745 0.8155 -3.9242 3.3304 7.2523 8.8931 2.0400 -27.4200 -23.3400 -0.2605 0.8460 -0.8304 151.80579 2.6495109 2.6495 -0.3839 0.4960 60.9296 -235.3293 97.0166 9.8306834020543E13 0.01999999943436137
0 -0.6237 0.4792 -0.6175 -0.6083 -0.7937 -0.0015 -0.4909 0.3747 0.7866 -4.2881 3.2730 6.8716 8.7361 2.0400 -27.4200 -23.3400 -0.2709 0.3910 -1.0632 148.8787 2.5984232 2.5984 -0.3840 0.5579 60.9083 -235.3215 97.0112 9.8306854020543E13 0.01999999943436137
0 -0.8107 0.3433 -0.4742 -0.3921 -0.9199 0.0044 -0.4347 0.1895 0.8804 -4.5300 1.9753 9.1749 10.4212 2.0400 -27.4200 -23.3400 0.0730 0.2279 -1.1096 159.53345 2.7843838 2.7844 -0.1907 0.4586 60.8861 -235.3169 97.0127 9.8306874020543E13 0.01999999943436137
0 -0.8107 0.3433 -0.4742 -0.3921 -0.9199 0.0044 -0.4347 0.1895 0.8804 -4.5300 1.9753 9.1749 10.4212 2.0400 -27.4200 -23.3400 0.3931 0.2334 -0.8029 159.53345 2.7843838 2.7844 -0.1907 0.4586 60.8701 -235.3123 97.0205 9.8306894020543E13 0.01999999943436137
1 -0.8107 0.3433 -0.4742 -0.3921 -0.9199 0.0044 -0.4347 0.1895 0.8804 -4.5300 1.9753 9.1749 10.4212 3.0600 -28.6200 -22.2600 0.3931 0.2334 -0.8029 159.53345 2.7843838 2.7844 -0.1907 0.4586 60.8701 -235.3123 97.0205 9.8306894020543E13 0.01999999943436137
0 -0.8361 0.2783 -0.4727 -0.3346 -0.9416 0.0375 -0.4347 0.1895 0.8804 -4.5300 1.9753 9.1749 10.4212 3.0600 -28.6200 -22.2600 0.6234 -0.4673 -0.4456 163.5354 2.8542316 2.8542 -0.1907 0.4586 60.8612 -235.3216 97.0330 9.8306914020543E13 0.01999999943436137
0 -0.8361 0.2783 -0.4727 -0.3346 -0.9416 0.0375 -0.4347 0.1895 0.8804 -4.5300 1.9753 9.1749 10.4212 3.0600 -28.6200 -22.2600 1.0865 -2.3042 -0.0064 163.5354 2.8542316 2.8542 -0.1907 0.4586 60.8610 -235.3677 97.0547 9.8306934020543E13 0.01999999943436137
0 -0.7109 0.3829 -0.5900 -0.3667 -0.9176 -0.1536 -0.6001 0.1072 0.7927 -5.9929 1.0702 7.9155 9.9857 3.0600 -28.6200 -22.2600 1.4114 -3.1777 0.2691 157.35114 2.7462952 2.7463 -0.1074 0.6480 60.8664 -235.4312 97.0830 9.8306954020976E13 0.020000432434349125
0 -0.7042 0.3874 -0.5949 -0.4938 -0.8694 0.0184 -0.5101 0.3068 0.8036 -4.7814 2.8755 7.5324 9.3737 3.0600 -28.6200 -22.2600 1.3058 -2.6597 0.0095 155.97986 2.7223623 2.7224 -0.3118 0.5656 60.8666 -235.4844 97.1091 9.8306974020976E13 0.01999999943436137
0 -0.7042 0.3874 -0.5949 -0.4938 -0.8694 0.0184 -0.5101 0.3068 0.8036 -4.7814 2.8755 7.5324 9.3737 3.0600 -28.6200 -22.2600 0.8244 -1.9859 0.2312 155.97986 2.7223623 2.7224 -0.3118 0.5656 60.8712 -235.5241 97.1256 9.8306994020976E13 0.01999999943436137
1 -0.7042 0.3874 -0.5949 -0.4938 -0.8694 0.0184 -0.5101 0.3068 0.8036 -4.7814 2.8755 7.5324 9.3737 5.4000 -30.6000 -20.1600 0.8244 -1.9859 0.2312 155.97986 2.7223623 2.7224 -0.3118 0.5656 60.8712 -235.5241 97.1256 9.8306994020976E13 0.01999999943436137
0 -0.7718 0.2492 -0.5850 -0.3798 -0.9186 0.1096 -0.5101 0.3068 0.8036 -4.7814 2.8755 7.5324 9.3737 5.4000 -30.6000 -20.1600 0.3009 -1.9707 0.5965 164.81879 2.8766305 2.8766 -0.3118 0.5656 60.8832 -235.5636 97.1316 9.8307014020976E13 0.01999999943436137
0 -0.7718 0.2492 -0.5850 -0.3798 -0.9186 0.1096 -0.5101 0.3068 0.8036 -4.7814 2.8755 7.5324 9.3737 5.4000 -30.6000 -20.1600 -0.2263 -1.5815 0.5562 164.81879 2.8766305 2.8766 -0.3118 0.5656 60.8943 -235.5952 97.1271 9.8307034020976E13 0.01999999943436137
0 -0.5872 0.3705 -0.7196 -0.5383 -0.8428 0.0053 -0.6045 0.3905 0.6943 -5.0926 3.2897 5.8492 8.4244 5.4000 -30.6000 -20.1600 -0.6570 -0.7025 0.4860 156.26892 2.7274067 2.7274 -0.4012 0.7164 60.9040 -235.6092 97.1139 9.8307054020542E13 0.019999565434373645
0 -0.9080 0.1067 -0.4052 -0.2631 -0.8978 0.3533 -0.3260 0.4274 0.8432 -2.9282 3.8380 7.5731 8.9809 5.4000 -30.6000 -20.1600 -1.0516 -0.1582 0.3510 173.22272 3.0233064 3.0233 -0.4416 0.3690 60.9110 -235.6124 97.0929 9.8307074020542E13 0.01999999943436137
0 -0.9080 0.1067 -0.4052 -0.2631 -0.8978 0.3533 -0.3260 0.4274 0.8432 -2.9282 3.8380 7.5731 8.9809 5.4000 -30.6000 -20.1600 -1.0436 -0.6261 0.1421 173.22272 3.0233064 3.0233 -0.4416 0.3690 60.9139 -235.6249 97.0720 9.8307094020975E13 0.020000432434349125
1 -0.9080 0.1067 -0.4052 -0.2631 -0.8978 0.3533 -0.3260 0.4274 0.8432 -2.9282 3.8380 7.5731 8.9809 6.3000 -31.5600 -18.9600 -1.0436 -0.6261 0.1421 173.22272 3.0233064 3.0233 -0.4416 0.3690 60.9139 -235.6249 97.0720 9.8307094020975E13 0.020000432434349125
0 -0.9242 0.0434 -0.3794 -0.1987 -0.9030 0.3808 -0.3260 0.4274 0.8432 -2.9282 3.8380 7.5731 8.9809 6.3000 -31.5600 -18.9600 -0.2978 -0.8448 -0.2880 177.2478 3.0935578 3.0936 -0.4416 0.3690 60.9081 -235.6418 97.0661 9.8307114020975E13 0.01999999943436137
0 -0.9242 0.0434 -0.3794 -0.1987 -0.9030 0.3808 -0.3260 0.4274 0.8432 -2.9282 3.8380 7.5731 8.9809 6.3000 -31.5600 -18.9600 0.2050 -0.4850 -0.4541 177.2478 3.0935578 3.0936 -0.4416 0.3690 60.8990 -235.6515 97.0702 9.8307134020975E13 0.01999999943436137
0 -0.9827 -0.1841 -0.0202 0.1622 -0.9083 0.3856 -0.0893 0.3757 0.9224 -1.0487 4.4126 10.8341 11.7452 6.3000 -31.5600 -18.9600 0.0590 -0.5241 -0.1292 191.45563 -2.9416542 -2.9417 -0.3852 0.0965 60.8964 -235.6620 97.0713 9.8307154020975E13 0.01999999943436137
0 -0.9811 -0.0942 -0.1692 0.0162 -0.9106 0.4130 -0.1930 0.4024 0.8949 -1.7909 3.7351 8.3057 9.2813 6.3000 -31.5600 -18.9600 -0.2666 -0.6744 0.0700 185.90654 -3.0385041 -3.0385 -0.4142 0.2124 60.8978 -235.6755 97.0660 9.8307174020975E13 0.01999999943436137
0 -0.9811 -0.0942 -0.1692 0.0162 -0.9106 0.4130 -0.1930 0.4024 0.8949 -1.7909 3.7351 8.3057 9.2813 6.3000 -31.5600 -18.9600 -0.6191 -0.7007 -0.0015 185.90654 -3.0385041 -3.0385 -0.4142 0.2124 60.8978 -235.6895 97.0536 9.8307194020541E13 0.019999565434373645
1 -0.9811 -0.0942 -0.1692 0.0162 -0.9106 0.4130 -0.1930 0.4024 0.8949 -1.7909 3.7351 8.3057 9.2813 6.6000 -31.7400 -18.5400 -0.6191 -0.7007 -0.0015 185.90654 -3.0385041 -3.0385 -0.4142 0.2124 60.8978 -235.6895 97.0536 9.8307194020541E13 0.019999565434373645
0 -0.9807 -0.1090 -0.1624 0.0322 -0.9089 0.4157 -0.1930 0.4024 0.8949 -1.7909 3.7351 8.3057 9.2813 6.6000 -31.7400 -18.5400 -0.8964 -0.8363 -0.2617 186.84138 -3.022188 -3.0222 -0.4142 0.2124 60.8926 -235.7062 97.0357 9.8307214020541E13 0.01999999943436137
0 -0.9807 -0.1090 -0.1624 0.0322 -0.9089 0.4157 -0.1930 0.4024 0.8949 -1.7909 3.7351 8.3057 9.2813 6.6000 -31.7400 -18.5400 -0.9202 -1.0250 -0.3075 186.84138 -3.022188 -3.0222 -0.4142 0.2124 60.8864 -235.7267 97.0173 9.8307234020541E13 0.01999999943436137
0 -0.9842 -0.1474 -0.0980 0.0919 -0.8987 0.4288 -0.1513 0.4130 0.8981 -1.3911 3.7973 8.2579 9.1949 6.6000 -31.7400 -18.5400 -0.5995 -0.5773 -0.2385 189.31444 -2.9790251 -2.9790 -0.4257 0.1669 60.8816 -235.7383 97.0053 9.8307254020541E13 0.01999999943436137
0 -0.9842 -0.1472 -0.0984 0.1084 -0.9404 0.3223 -0.1400 0.3066 0.9415 -1.4126 3.0934 9.5005 10.0908 6.6000 -31.7400 -18.5400 0.3125 -0.7782 -0.5250 188.89403 -2.9863625 -2.9864 -0.3116 0.1476 60.8711 -235.7538 97.0116 9.8307274020541E13 0.01999999943436137
0 -0.9842 -0.1472 -0.0984 0.1084 -0.9404 0.3223 -0.1400 0.3066 0.9415 -1.4126 3.0934 9.5005 10.0908 6.6000 -31.7400 -18.5400 0.5623 -1.2407 -0.6343 188.89403 -2.9863625 -2.9864 -0.3116 0.1476 60.8585 -235.7787 97.0228 9.8307294020541E13 0.01999999943436137
1 -0.9842 -0.1472 -0.0984 0.1084 -0.9404 0.3223 -0.1400 0.3066 0.9415 -1.4126 3.0934 9.5005 10.0908 5.1000 -31.6800 -18.4200 0.5623 -1.2407 -0.6343 188.89403 -2.9863625 -2.9864 -0.3116 0.1476 60.8585 -235.7787 97.0228 9.8307294020541E13 0.01999999943436137
0 -0.9889 -0.0909 -0.1174 0.0496 -0.9475 0.3159 -0.1400 0.3066 0.9415 -1.4126 3.0934 9.5005 10.0908 5.1000 -31.6800 -18.4200 0.6430 -1.3164 -0.5959 185.48099 -3.0459313 -3.0459 -0.3116 0.1476 60.8465 -235.8050 97.0357 9.8307314020541E13 0.01999999943436137
0 -0.9889 -0.0909 -0.1174 0.0496 -0.9475 0.3159 -0.1400 0.3066 0.9415 -1.4126 3.0934 9.5005 10.0908 5.1000 -31.6800 -18.4200 0.4964 -1.0421 -0.4291 185.48099 -3.0459313 -3.0459 -0.3116 0.1476 60.8380 -235.8258 97.0456 9.8307334020541E13 0.01999999943436137
0 -0.9876 -0.0805 -0.1349 0.0347 -0.9493 0.3124 -0.1533 0.3039 0.9403 -1.5204 3.0144 9.3281 9.9203 5.1000 -31.6800 -18.4200 0.2306 -0.7440 -0.2923 184.8485 -3.0569704 -3.0570 -0.3087 0.1616 60.8321 -235.8407 97.0502 9.8307354020541E13 0.01999999943436137
0 -0.9897 -0.1381 -0.0364 0.1178 -0.9335 0.3388 -0.0808 0.3310 0.9402 -0.7710 3.1580 8.9690 9.5399 5.1000 -31.6800 -18.4200 -0.0369 -0.5003 -0.2367 188.41861 -2.9946601 -2.9947 -0.3374 0.0857 60.8274 -235.8507 97.0495 9.8307374020541E13 0.01999999943436137
0 -0.9897 -0.1381 -0.0364 0.1178 -0.9335 0.3388 -0.0808 0.3310 0.9402 -0.7710 3.1580 8.9690 9.5399 5.1000 -31.6800 -18.4200 -0.2336 -0.3659 -0.2190 188.41861 -2.9946601 -2.9947 -0.3374 0.0857 60.8230 -235.8580 97.0448 9.8307394020541E13 0.01999999943436137
1 -0.9897 -0.1381 -0.0364 0.1178 -0.9335 0.3388 -0.0808 0.3310 0.9402 -0.7710 3.1580 8.9690 9.5399 2.4000 -31.2000 -18.6600 -0.2336 -0.3659 -0.2190 188.41861 -2.9946601 -2.9947 -0.3374 0.0857 60.8230 -235.8580 97.0448 9.8307394020541E13 0.01999999943436137
0 -0.9967 -0.0322 -0.0743 0.0057 -0.9431 0.3326 -0.0808 0.3310 0.9402 -0.7710 3.1580 8.9690 9.5399 2.4000 -31.2000 -18.6600 -0.2568 -0.2688 -0.2868 181.95634 -3.107448 -3.1074 -0.3374 0.0857 60.8173 -235.8634 97.0397 9.8307414020541E13 0.01999999943436137
0 -0.9967 -0.0322 -0.0743 0.0057 -0.9431 0.3326 -0.0808 0.3310 0.9402 -0.7710 3.1580 8.9690 9.5399 2.4000 -31.2000 -18.6600 -0.1664 -0.1600 -0.3491 181.95634 -3.107448 -3.1074 -0.3374 0.0857 60.8103 -235.8666 97.0363 9.8307434020541E13 0.01999999943436137
0 -0.9978 -0.0591 -0.0295 0.0450 -0.9353 0.3510 -0.0483 0.3489 0.9359 -0.4717 3.4047 9.1318 9.7572 2.4000 -31.2000 -18.6600 0.0156 -0.0018 -0.2422 183.61641 -3.0784743 -3.0785 -0.3564 0.0516 60.8054 -235.8666 97.0366 9.8307454020974E13 0.020000432434349125
0 -0.9948 -0.0161 -0.1010 -0.0117 -0.9632 0.2686 -0.1016 0.2684 0.9579 -0.9888 2.6122 9.3233 9.7327 2.4000 -31.2000 -18.6600 0.1818 0.1765 -0.0656 180.95891 -3.1248565 -3.1249 -0.2717 0.1057 60.8041 -235.8631 97.0403 9.8307474020974E13 0.01999999943436137
0 -0.9948 -0.0161 -0.1010 -0.0117 -0.9632 0.2686 -0.1016 0.2684 0.9579 -0.9888 2.6122 9.3233 9.7327 2.4000 -31.2000 -18.6600 0.1836 0.0360 -0.0168 180.95891 -3.1248565 -3.1249 -0.2717 0.1057 60.8038 -235.8624 97.0439 9.8307494020974E13 0.01999999943436137
1 -0.9948 -0.0161 -0.1010 -0.0117 -0.9632 0.2686 -0.1016 0.2684 0.9579 -0.9888 2.6122 9.3233 9.7327 1.0200 -30.7800 -19.5600 0.1836 0.0360 -0.0168 180.95891 -3.1248565 -3.1249 -0.2717 0.1057 60.8038 -235.8624 97.0439 9.8307494020974E13 0.01999999943436137
0 -0.9923 0.0414 -0.1168 -0.0710 -0.9624 0.2621 -0.1016 0.2684 0.9579 -0.9888 2.6122 9.3233 9.7327 1.0200 -30.7800 -19.5600 0.0993 -0.3134 -0.1237 177.53918 3.0986435 3.0986 -0.2717 0.1057 60.8013 -235.8687 97.0459 9.8307514020974E13 0.01999999943436137
0 -0.9923 0.0414 -0.1168 -0.0710 -0.9624 0.2621 -0.1016 0.2684 0.9579 -0.9888 2.6122 9.3233 9.7327 1.0200 -30.7800 -19.5600 0.0419 -0.4722 -0.2061 177.53918 3.0986435 3.0986 -0.2717 0.1057 60.7972 -235.8781 97.0468 9.8307534020974E13 0.01999999943436137
0 -0.9951 0.0275 -0.0952 -0.0601 -0.9313 0.3593 -0.0788 0.3632 0.9284 -0.7015 3.2347 8.2674 8.9054 1.0200 -30.7800 -19.5600 0.0254 -0.3671 -0.1902 178.307 3.1120448 3.1120 -0.3717 0.0847 60.7934 -235.8855 97.0473 9.830755402054E13 0.019999565434373645
0 -0.9939 0.0338 -0.1051 -0.0596 -0.9656 0.2531 -0.0929 0.2578 0.9617 -0.9266 2.5715 9.5939 9.9756 1.0200 -30.7800 -19.5600 0.0407 -0.1613 -0.0992 177.99377 3.106577 3.1066 -0.2607 0.0963 60.7914 -235.8887 97.0481 9.830757402054E13 0.01999999943436137
0 -0.9939 0.0338 -0.1051 -0.0596 -0.9656 0.2531 -0.0929 0.2578 0.9617 -0.9266 2.5715 9.5939 9.9756 1.0200 -30.7800 -19.5600 0.0376 -0.0391 -0.0223 177.99377 3.106577 3.1066 -0.2607 0.0963 60.7910 -235.8895 97.0488 9.8307594020973E13 0.020000432434349125
1 -0.9939 0.0338 -0.1051 -0.0596 -0.9656 0.2531 -0.0929 0.2578 0.9617 -0.9266 2.5715 9.5939 9.9756 0.0600 -31.0200 -20.2800 0.0376 -0.0391 -0.0223 177.99377 3.106577 3.1066 -0.2607 0.0963 60.7910 -235.8895 97.0488 9.8307594020973E13 0.020000432434349125
0 -0.9906 0.0735 -0.1154 -0.1004 -0.9634 0.2485 -0.0929 0.2578 0.9617 -0.9266 2.5715 9.5939 9.9756 0.0600 -31.0200 -20.2800 0.0315 -0.0513 -0.0113 175.63641 3.0654335 3.0654 -0.2607 0.0963 60.7907 -235.8905 97.0495 9.8307614020973E13 0.01999999943436137
0 -0.9906 0.0735 -0.1154 -0.1004 -0.9634 0.2485 -0.0929 0.2578 0.9617 -0.9266 2.5715 9.5939 9.9756 0.0600 -31.0200 -20.2800 -0.0210 -0.1723 -0.0565 175.63641 3.0654335 3.0654 -0.2607 0.0963 60.7896 -235.8939 97.0490 9.8307634020973E13 0.01999999943436137
0 -0.9903 0.0747 -0.1172 -0.1048 -0.9553 0.2763 -0.0914 0.2859 0.9539 -0.8835 2.7654 9.2251 9.6711 0.0600 -31.0200 -20.2800 -0.0974 -0.2651 -0.1249 175.52692 3.0635228 3.0635 -0.2900 0.0955 60.7871 -235.8992 97.0471 9.8307654020973E13 0.01999999943436137
0 -0.9950 0.0534 -0.0847 -0.0741 -0.9620 0.2630 -0.0674 0.2679 0.9611 -0.6608 2.6265 9.4215 9.8030 0.0600 -31.0200 -20.2800 -0.1463 -0.2334 -0.1273 176.82025 3.0860958 3.0861 -0.2712 0.0700 60.7846 -235.9039 97.0442 9.8307674020973E13 0.01999999943436137
0 -0.9950 0.0534 -0.0847 -0.0741 -0.9620 0.2630 -0.0674 0.2679 0.9611 -0.6608 2.6265 9.4215 9.8030 0.0600 -31.0200 -20.2800 -0.1542 -0.1319 -0.0797 176.82025 3.0860958 3.0861 -0.2712 0.0700 60.7830 -235.9065 97.0411 9.8307694020539E13 0.019999565434373645
1 -0.9950 0.0534 -0.0847 -0.0741 -0.9620 0.2630 -0.0674 0.2679 0.9611 -0.6608 2.6265 9.4215 9.8030 -0.7200 -31.2600 -19.9800 -0.1542 -0.1319 -0.0797 176.82025 3.0860958 3.0861 -0.2712 0.0700 60.7830 -235.9065 97.0411 9.8307694020539E13 0.019999565434373645
0 -0.9923 0.0819 -0.0924 -0.1035 -0.9599 0.2604 -0.0674 0.2679 0.9611 -0.6608 2.6265 9.4215 9.8030 -0.7200 -31.2600 -19.9800 -0.1670 -0.0696 -0.0510 175.12085 3.0564358 3.0564 -0.2712 0.0700 60.7820 -235.9079 97.0377 9.8307714020539E13 0.01999999943436137
0 -0.9923 0.0819 -0.0924 -0.1035 -0.9599 0.2604 -0.0674 0.2679 0.9611 -0.6608 2.6265 9.4215 9.8030 -0.7200 -31.2600 -19.9800 -0.2532 -0.0977 -0.0638 175.12085 3.0564358 3.0564 -0.2712 0.0700 60.7807 -235.9099 97.0327 9.8307734020539E13 0.01999999943436137
0 -0.9936 0.0760 -0.0831 -0.0959 -0.9581 0.2699 -0.0591 0.2762 0.9593 -0.5770 2.6960 9.3640 9.7614 -0.7200 -31.2600 -19.9800 -0.2251 -0.2896 -0.2220 175.46411 3.0624263 3.0624 -0.2798 0.0615 60.7762 -235.9157 97.0282 9.8307754020539E13 0.01999999943436137
0 -0.9976 0.0520 -0.0454 -0.0621 -0.9633 0.2613 -0.0302 0.2635 0.9642 -0.3017 2.6361 9.6465 10.0048 -0.7200 -31.2600 -19.9800 -0.1958 -0.2230 -0.2312 176.90991 3.0876606 3.0877 -0.2666 0.0313 60.7716 -235.9201 97.0243 9.8307774020539E13 0.01999999943436137
0 -0.9976 0.0520 -0.0454 -0.0621 -0.9633 0.2613 -0.0302 0.2635 0.9642 -0.3017 2.6361 9.6465 10.0048 -0.7200 -31.2600 -19.9800 -0.2165 -0.0550 -0.1414 176.90991 3.0876606 3.0877 -0.2666 0.0313 60.7688 -235.9212 97.0199 9.8307794020539E13 0.01999999943436137
1 -0.9976 0.0520 -0.0454 -0.0621 -0.9633 0.2613 -0.0302 0.2635 0.9642 -0.3017 2.6361 9.6465 10.0048 -1.0800 -31.6800 -20.1000 -0.2165 -0.0550 -0.1414 176.90991 3.0876606 3.0877 -0.2666 0.0313 60.7688 -235.9212 97.0199 9.8307794020539E13 0.01999999943436137
0 -0.9967 0.0650 -0.0489 -0.0756 -0.9625 0.2606 -0.0302 0.2635 0.9642 -0.3017 2.6361 9.6465 10.0048 -1.0800 -31.6800 -20.1000 -0.1774 0.0721 -0.0571 176.1347 3.0741308 3.0741 -0.2666 0.0313 -0.0011 0.0014 -0.0035 9.8307814020539E13 0.01999999943436137
0 -0.9967 0.0650 -0.0489 -0.0756 -0.9625 0.2606 -0.0302 0.2635 0.9642 -0.3017 2.6361 9.6465 10.0048 -1.0800 -31.6800 -20.1000 0.0162 -0.0244 -0.1188 176.1347 3.0741308 3.0741 -0.2666 0.0313 -0.0035 0.0010 -0.0032 9.8307834020539E13 0.01999999943436137
