0 -0.6923 -0.7208 -0.0344 0.6863 -0.6724 0.2772 -0.2230 0.1683 0.9602 -2.1285 1.6066 9.1653 9.5454 19.7400 -17.8200 -23.8800 0.3650 -1.0134 -0.1218 226.98665 -2.321521 -2.3215 -0.1691 0.2282 -11.2288 -96.4586 34.7620 9.8780110757188E13 95.31227681438465
0 -0.6998 -0.7128 -0.0465 0.6843 -0.6876 0.2428 -0.2051 0.1381 0.9690 -2.2865 1.5395 10.8030 11.1491 19.7400 -17.8200 -23.8800 0.4249 -1.2168 -0.1481 226.03197 -2.3381832 -2.3382 -0.1385 0.2086 -11.2318 -96.4829 34.7705 9.8780130757188E13 0.01999999943436137
0 -0.6998 -0.7128 -0.0465 0.6843 -0.6876 0.2428 -0.2051 0.1381 0.9690 -2.2865 1.5395 10.8030 11.1491 19.7400 -17.8200 -23.8800 0.6937 -1.1661 0.1402 226.03197 -2.3381832 -2.3382 -0.1385 0.2086 -11.2290 -96.5062 34.7843 9.8780150757188E13 0.01999999943436137
0 -0.6998 -0.7128 -0.0465 0.6843 -0.6876 0.2428 -0.2051 0.1381 0.9690 -2.2865 1.5395 10.8030 11.1491 19.7400 -17.8200 -23.8800 0.9038 -0.9389 0.3094 226.03197 -2.3381832 -2.3382 -0.1385 0.2086 -11.2228 -96.5250 34.8024 9.8780170757188E13 0.01999999943436137
1 -0.6998 -0.7128 -0.0465 0.6843 -0.6876 0.2428 -0.2051 0.1381 0.9690 -2.2865 1.5395 10.8030 11.1491 21.4200 -17.2200 -23.5800 0.9038 -0.9389 0.3094 226.03197 -2.3381832 -2.3382 -0.1385 0.2086 -11.2228 -96.5250 34.8024 9.8780170757188E13 0.01999999943436137
0 -0.6446 -0.7641 -0.0275 0.7365 -0.6302 0.2457 -0.2051 0.1381 0.9690 -2.2865 1.5395 10.8030 11.1491 21.4200 -17.2200 -23.5800 0.7731 -0.6426 0.3412 230.48402 -2.2604802 -2.2605 -0.1385 0.2086 -11.2160 -96.5379 34.8179 9.8780190757188E13 0.01999999943436137
0 -0.6148 -0.7885 0.0173 0.7770 -0.6018 0.1849 -0.1354 0.1271 0.9826 -1.5299 1.4366 11.1070 11.3036 21.4200 -17.2200 -23.5800 0.3424 -0.8088 0.5367 232.64702 -2.2227287 -2.2227 -0.1274 0.1369 -11.2052 -96.5540 34.8247 9.8780210757188E13 0.01999999943436137
0 -0.3271 -0.8797 0.3453 0.9447 -0.2954 0.1423 -0.0232 0.3727 0.9277 -0.2346 3.7758 9.3975 10.1304 21.4200 -17.2200 -23.5800 -0.0748 -1.2327 0.6735 251.43532 -1.894811 -1.8948 -0.3819 0.0250 -11.1917 -96.5787 34.8232 9.8780230759354E13 0.020002165434300112
0 -0.3271 -0.8797 0.3453 0.9447 -0.2954 0.1423 -0.0232 0.3727 0.9277 -0.2346 3.7758 9.3975 10.1304 21.4200 -17.2200 -23.5800 -0.2458 -1.2376 0.5715 251.43532 -1.894811 -1.8948 -0.3819 0.0250 -11.1803 -96.6035 34.8183 9.8780250759354E13 0.01999999943436137
0 -0.3271 -0.8797 0.3453 0.9447 -0.2954 0.1423 -0.0232 0.3727 0.9277 -0.2346 3.7758 9.3975 10.1304 21.4200 -17.2200 -23.5800 -0.3185 -0.7837 0.3815 251.43532 -1.894811 -1.8948 -0.3819 0.0250 -11.1727 -96.6191 34.8119 9.8780270759354E13 0.01999999943436137
1 -0.3271 -0.8797 0.3453 0.9447 -0.2954 0.1423 -0.0232 0.3727 0.9277 -0.2346 3.7758 9.3975 10.1304 20.8800 -17.7000 -23.4600 -0.3185 -0.7837 0.3815 251.43532 -1.894811 -1.8948 -0.3819 0.0250 -11.1727 -96.6191 34.8119 9.8780270759354E13 0.01999999943436137
0 -0.3549 -0.8705 0.3409 0.9346 -0.3213 0.1524 -0.0232 0.3727 0.9277 -0.2346 3.7758 9.3975 10.1304 20.8800 -17.7000 -23.4600 -0.5165 0.1374 0.0400 249.73868 -1.9244231 -1.9244 -0.3819 0.0250 -11.1719 -96.6164 34.8016 9.8780290759354E13 0.01999999943436137
0 -0.3696 -0.8697 0.3272 0.9269 -0.3700 0.0635 0.0658 0.3268 0.9428 0.7111 3.5316 10.1900 10.8081 20.8800 -17.7000 -23.4600 -0.7675 0.9517 -0.3008 246.95326 -1.9730378 -1.9730 -0.3329 -0.0697 -11.1779 -96.5973 34.7863 9.8780310759354E13 0.01999999943436137
0 -0.4996 -0.8446 0.1925 0.8661 -0.4914 0.0919 0.0170 0.2126 0.9770 0.1891 2.3608 10.8461 11.1016 20.8800 -17.7000 -23.4600 -0.7718 1.4007 -0.3576 239.80821 -2.0977423 -2.0977 -0.2143 -0.0174 -11.1851 -96.5693 34.7708 9.8780330759354E13 0.01999999943436137
0 -0.4996 -0.8446 0.1925 0.8661 -0.4914 0.0919 0.0170 0.2126 0.9770 0.1891 2.3608 10.8461 11.1016 20.8800 -17.7000 -23.4600 -0.4645 1.6554 -0.3039 239.80821 -2.0977423 -2.0977 -0.2143 -0.0174 -11.1911 -96.5362 34.7615 9.8780350759354E13 0.01999999943436137
0 -0.4996 -0.8446 0.1925 0.8661 -0.4914 0.0919 0.0170 0.2126 0.9770 0.1891 2.3608 10.8461 11.1016 20.8800 -17.7000 -23.4600 -0.0455 1.9309 -0.5103 239.80821 -2.0977423 -2.0977 -0.2143 -0.0174 -11.2013 -96.4976 34.7606 9.8780370760354E13 0.02000099943433309
1 -0.4996 -0.8446 0.1925 0.8661 -0.4914 0.0919 0.0170 0.2126 0.9770 0.1891 2.3608 10.8461 11.1016 19.4400 -18.5400 -24.4800 -0.0455 1.9309 -0.5103 239.80821 -2.0977423 -2.0977 -0.2143 -0.0174 -11.2013 -96.4976 34.7606 9.8780370760354E13 0.02000099943433309
0 -0.5439 -0.8179 0.1875 0.8390 -0.5346 0.1017 0.0170 0.2126 0.9770 0.1891 2.3608 10.8461 11.1016 19.4400 -18.5400 -24.4800 0.1506 1.8076 -0.8280 236.83109 -2.149703 -2.1497 -0.2143 -0.0174 -11.2179 -96.4614 34.7636 9.8780390760354E13 0.01999999943436137
0 -0.4892 -0.8370 0.2454 0.8704 -0.4863 0.0765 0.0553 0.2511 0.9664 0.6129 2.7821 10.7096 11.0820 19.4400 -18.5400 -24.4800 -0.0827 1.3525 -0.8744 239.84225 -2.0971482 -2.0971 -0.2538 -0.0572 -11.2354 -96.4344 34.7620 9.8780410760354E13 0.01999999943436137
0 -0.6908 -0.7231 -0.0009 0.6799 -0.6499 0.3396 -0.2462 0.2340 0.9406 -2.1261 2.0208 8.1238 8.6371 19.4400 -18.5400 -24.4800 -0.9031 0.5034 -0.4456 228.04956 -2.3029697 -2.3030 -0.2362 0.2560 -11.2443 -96.4243 34.7439 9.8780430760354E13 0.01999999943436137
0 -0.6908 -0.7231 -0.0009 0.6799 -0.6499 0.3396 -0.2462 0.2340 0.9406 -2.1261 2.0208 8.1238 8.6371 19.4400 -18.5400 -24.4800 -0.9196 0.3158 -0.3381 228.04956 -2.3029697 -2.3030 -0.2362 0.2560 -11.2511 -96.4180 34.7255 9.8780450760354E13 0.01999999943436137
0 -0.6908 -0.7231 -0.0009 0.6799 -0.6499 0.3396 -0.2462 0.2340 0.9406 -2.1261 2.0208 8.1238 8.6371 19.4400 -18.5400 -24.4800 -0.7742 0.4514 -0.2697 228.04956 -2.3029697 -2.3030 -0.2362 0.2560 -11.2565 -96.4090 34.7100 9.8780470760354E13 0.01999999943436137
1 -0.6908 -0.7231 -0.0009 0.6799 -0.6499 0.3396 -0.2462 0.2340 0.9406 -2.1261 2.0208 8.1238 8.6371 19.2600 -19.0800 -24.8400 -0.7742 0.4514 -0.2697 228.04956 -2.3029697 -2.3030 -0.2362 0.2560 -11.2565 -96.4090 34.7100 9.8780470760354E13 0.01999999943436137
0 -0.7110 -0.7031 -0.0112 0.6587 -0.6715 0.3394 -0.2462 0.2340 0.9406 -2.1261 2.0208 8.1238 8.6371 19.2600 -19.0800 -24.8400 -0.6148 0.3836 -0.1695 226.31999 -2.3331563 -2.3332 -0.2362 0.2560 -11.2598 -96.4013 34.6978 9.8780490760354E13 0.01999999943436137
0 -0.7158 -0.6981 -0.0188 0.6693 -0.6935 0.2666 -0.1991 0.1782 0.9636 -2.0758 1.8580 10.0464 10.4255 19.2600 -19.0800 -24.8400 -0.2617 0.0770 -0.1298 225.18777 -2.3529172 -2.3529 -0.1792 0.2038 -11.2624 -96.3998 34.6925 9.8780510760354E13 0.01999999943436137
0 -0.7281 -0.6844 -0.0388 0.6543 -0.7107 0.2584 -0.2045 0.1628 0.9652 -1.9944 1.5874 9.4143 9.7533 19.2600 -19.0800 -24.8400 0.1812 -0.3323 -0.1347 223.9181 -2.375077 -2.3751 -0.1635 0.2088 -11.2651 -96.4064 34.6961 9.8780530760354E13 0.01999999943436137
0 -0.7281 -0.6844 -0.0388 0.6543 -0.7107 0.2584 -0.2045 0.1628 0.9652 -1.9944 1.5874 9.4143 9.7533 19.2600 -19.0800 -24.8400 0.5190 -0.8381 -0.1078 223.9181 -2.375077 -2.3751 -0.1635 0.2088 -11.2673 -96.4232 34.7065 9.8780550760354E13 0.01999999943436137
0 -0.7281 -0.6844 -0.0388 0.6543 -0.7107 0.2584 -0.2045 0.1628 0.9652 -1.9944 1.5874 9.4143 9.7533 19.2600 -19.0800 -24.8400 0.8000 -1.0690 0.0083 223.9181 -2.375077 -2.3751 -0.1635 0.2088 -11.2671 -96.4446 34.7225 9.8780570760354E13 0.01999999943436137
1 -0.7281 -0.6844 -0.0388 0.6543 -0.7107 0.2584 -0.2045 0.1628 0.9652 -1.9944 1.5874 9.4143 9.7533 19.0800 -18.0600 -24.6000 0.8000 -1.0690 0.0083 223.9181 -2.375077 -2.3751 -0.1635 0.2088 -11.2671 -96.4446 34.7225 9.8780570760354E13 0.01999999943436137
0 -0.7079 -0.7057 -0.0310 0.6761 -0.6896 0.2595 -0.2045 0.1628 0.9652 -1.9944 1.5874 9.4143 9.7533 19.0800 -18.0600 -24.6000 0.9643 -1.1325 -0.0271 225.65909 -2.3446913 -2.3447 -0.1635 0.2088 -11.2677 -96.4672 34.7418 9.8780590760354E13 0.01999999943436137
0 -0.7079 -0.7057 -0.0310 0.6761 -0.6896 0.2595 -0.2045 0.1628 0.9652 -1.9944 1.5874 9.4143 9.7533 19.0800 -18.0600 -24.6000 0.9282 -1.1454 -0.0748 225.65909 -2.3446913 -2.3447 -0.1635 0.2088 -11.2692 -96.4901 34.7604 9.8780610760354E13 0.01999999943436137
0 -0.7009 -0.7130 -0.0202 0.6680 -0.6662 0.3316 -0.2499 0.2189 0.9432 -2.0854 1.8268 7.8724 8.3463 19.0800 -18.0600 -24.6000 0.7615 -1.5076 0.4573 226.94244 -2.3222923 -2.3223 -0.2207 0.2590 -11.2600 -96.5203 34.7756 9.8780630760354E13 0.01999999943436137
0 -0.7009 -0.7130 -0.0202 0.6680 -0.6662 0.3316 -0.2499 0.2189 0.9432 -2.0854 1.8268 7.8724 8.3463 19.0800 -18.0600 -24.6000 0.2844 -1.4471 0.6289 226.94244 -2.3222923 -2.3223 -0.2207 0.2590 -11.2474 -96.5492 34.7813 9.8780650760354E13 0.01999999943436137
0 -0.7009 -0.7130 -0.0202 0.6680 -0.6662 0.3316 -0.2499 0.2189 0.9432 -2.0854 1.8268 7.8724 8.3463 19.0800 -18.0600 -24.6000 -0.1976 -0.5217 0.2404 226.94244 -2.3222923 -2.3223 -0.2207 0.2590 -11.2426 -96.5597 34.7773 9.8780670760354E13 0.01999999943436137
1 -0.7009 -0.7130 -0.0202 0.6680 -0.6662 0.3316 -0.2499 0.2189 0.9432 -2.0854 1.8268 7.8724 8.3463 19.8600 -17.3400 -24.7800 -0.1976 -0.5217 0.2404 226.94244 -2.3222923 -2.3223 -0.2207 0.2590 -11.2426 -96.5597 34.7773 9.8780670760354E13 0.01999999943436137
0 -0.6571 -0.7538 0.0009 0.7112 -0.6196 0.3322 -0.2499 0.2189 0.9432 -2.0854 1.8268 7.8724 8.3463 19.8600 -17.3400 -24.7800 -0.4676 -0.3348 0.1042 230.58315 -2.2587502 -2.2588 -0.2207 0.2590 -11.2405 -96.5663 34.7680 9.8780690760354E13 0.01999999943436137
0 -0.4246 -0.8656 0.2654 0.9048 -0.3949 0.1597 -0.0334 0.3079 0.9508 -0.3424 3.1557 9.7447 10.2486 19.8600 -17.3400 -24.7800 -0.5788 -0.7550 0.1274 245.4777 -1.9987911 -1.9988 -0.3130 0.0351 -11.2380 -96.5814 34.7564 9.8780710760354E13 0.01999999943436137
0 -0.4551 -0.8586 0.2360 0.8887 -0.4543 0.0612 0.0547 0.2376 0.9698 0.6225 2.7031 11.0328 11.3762 19.8600 -17.3400 -24.7800 -0.5036 -0.9591 -0.0284 242.11528 -2.0574765 -2.0575 -0.2399 -0.0564 -11.2386 -96.6006 34.7463 9.8780730760787E13 0.020000432434349125
0 -0.4551 -0.8586 0.2360 0.8887 -0.4543 0.0612 0.0547 0.2376 0.9698 0.6225 2.7031 11.0328 11.3762 19.8600 -17.3400 -24.7800 -0.4945 -0.5003 -0.2507 242.11528 -2.0574765 -2.0575 -0.2399 -0.0564 -11.2436 -96.6106 34.7364 9.8780750760787E13 0.01999999943436137
0 -0.4551 -0.8586 0.2360 0.8887 -0.4543 0.0612 0.0547 0.2376 0.9698 0.6225 2.7031 11.0328 11.3762 19.8600 -17.3400 -24.7800 -0.4859 -0.1747 -0.1835 242.11528 -2.0574765 -2.0575 -0.2399 -0.0564 -11.2472 -96.6141 34.7267 9.8780770760787E13 0.01999999943436137
1 -0.4551 -0.8586 0.2360 0.8887 -0.4543 0.0612 0.0547 0.2376 0.9698 0.6225 2.7031 11.0328 11.3762 20.3400 -16.3200 -24.6600 -0.4859 -0.1747 -0.1835 242.11528 -2.0574765 -2.0575 -0.2399 -0.0564 -11.2472 -96.6141 34.7267 9.8780770760787E13 0.01999999943436137
0 -0.4152 -0.8779 0.2385 0.9081 -0.4157 0.0506 0.0547 0.2376 0.9698 0.6225 2.7031 11.0328 11.3762 20.3400 -16.3200 -24.6600 -0.5812 -0.0941 -0.1524 244.66002 -2.0130625 -2.0131 -0.2399 -0.0564 -11.2503 -96.6160 34.7151 9.8780790760787E13 0.01999999943436137
0 -0.5189 -0.8447 0.1310 0.8548 -0.5131 0.0779 0.0014 0.1524 0.9883 0.0144 1.5706 10.1852 10.3056 20.3400 -16.3200 -24.6600 -0.8152 -0.0501 -0.1676 238.726 -2.1166306 -2.1166 -0.1530 -0.0014 -11.2536 -96.6170 34.6988 9.8780810760787E13 0.01999999943436137
0 -0.4791 -0.8603 0.1742 0.8777 -0.4727 0.0792 0.0142 0.1908 0.9815 0.1245 1.6736 8.6074 8.7695 20.3400 -16.3200 -24.6600 -1.0357 -0.0299 -0.1933 241.21367 -2.0732126 -2.0732 -0.1920 -0.0145 -11.2575 -96.6176 34.6781 9.8780830760353E13 0.019999565434373645
0 -0.4791 -0.8603 0.1742 0.8777 -0.4727 0.0792 0.0142 0.1908 0.9815 0.1245 1.6736 8.6074 8.7695 20.3400 -16.3200 -24.6600 -1.2477 -0.0684 -0.2849 241.21367 -2.0732126 -2.0732 -0.1920 -0.0145 -11.2632 -96.6190 34.6531 9.8780850760353E13 0.01999999943436137
0 -0.4791 -0.8603 0.1742 0.8777 -0.4727 0.0792 0.0142 0.1908 0.9815 0.1245 1.6736 8.6074 8.7695 20.3400 -16.3200 -24.6600 -1.5030 0.0269 -0.3869 241.21367 -2.0732126 -2.0732 -0.1920 -0.0145 -11.2710 -96.6184 34.6231 9.8780870760819E13 0.02000046543434819
1 -0.4791 -0.8603 0.1742 0.8777 -0.4727 0.0792 0.0142 0.1908 0.9815 0.1245 1.6736 8.6074 8.7695 19.0800 -15.6000 -25.5000 -1.5030 0.0269 -0.3869 241.21367 -2.0732126 -2.0732 -0.1920 -0.0145 -11.2710 -96.6184 34.6231 9.8780870760819E13 0.02000046543434819
0 -0.4726 -0.8638 0.1748 0.8811 -0.4664 0.0779 0.0142 0.1908 0.9815 0.1245 1.6736 8.6074 8.7695 19.0800 -15.6000 -25.5000 -1.8048 0.3122 -0.6936 241.63397 -2.065877 -2.0659 -0.1920 -0.0145 -11.2848 -96.6122 34.5870 9.8780890760819E13 0.01999999943436137
0 -0.5099 -0.8491 0.1379 0.8589 -0.5115 0.0269 0.0477 0.1321 0.9901 0.4405 1.2211 9.1485 9.2402 19.0800 -15.6000 -25.5000 -1.6154 0.2896 -0.8280 238.93687 -2.11295 -2.1130 -0.1325 -0.0481 -11.3014 -96.6064 34.5547 9.8780910760819E13 0.01999999943436137
0 -0.6914 -0.7182 -0.0779 0.7193 -0.6944 0.0184 -0.0673 -0.0434 0.9968 -0.7398 -0.4765 10.9538 10.9891 19.0800 -15.6000 -25.5000 -1.1230 0.2211 -0.7498 225.96555 -2.3393426 -2.3393 0.0434 0.0674 -11.3164 -96.6020 34.5322 9.8780930760819E13 0.01999999943436137
0 -0.6914 -0.7182 -0.0779 0.7193 -0.6944 0.0184 -0.0673 -0.0434 0.9968 -0.7398 -0.4765 10.9538 10.9891 19.0800 -15.6000 -25.5000 -0.4132 -0.0140 -0.4212 225.96555 -2.3393426 -2.3393 0.0434 0.0674 -11.3248 -96.6023 34.5239 9.8780950760819E13 0.01999999943436137
0 -0.6914 -0.7182 -0.0779 0.7193 -0.6944 0.0184 -0.0673 -0.0434 0.9968 -0.7398 -0.4765 10.9538 10.9891 19.0800 -15.6000 -25.5000 0.3669 -0.2254 0.0345 225.96555 -2.3393426 -2.3393 0.0434 0.0674 -11.3241 -96.6068 34.5313 9.8780970760385E13 0.019999565434373645
1 -0.6914 -0.7182 -0.0779 0.7193 -0.6944 0.0184 -0.0673 -0.0434 0.9968 -0.7398 -0.4765 10.9538 10.9891 18.1800 -13.9200 -27.7800 0.3669 -0.2254 0.0345 225.96555 -2.3393426 -2.3393 0.0434 0.0674 -11.3241 -96.6068 34.5313 9.8780970760385E13 0.019999565434373645
0 -0.6781 -0.7308 -0.0776 0.7318 -0.6812 0.0198 -0.0673 -0.0434 0.9968 -0.7398 -0.4765 10.9538 10.9891 18.1800 -13.9200 -27.7800 0.9600 -0.4520 0.2838 227.01344 -2.3210533 -2.3211 0.0434 0.0674 -11.3184 -96.6158 34.5505 9.8780990760385E13 0.01999999943436137
0 -0.7406 -0.6533 -0.1573 0.6656 -0.7453 -0.0379 -0.0924 -0.1328 0.9868 -1.0918 -1.5682 11.6553 11.8109 18.1800 -13.9200 -27.7800 1.1860 -0.6512 0.0999 221.23586 -2.4218912 -2.4219 0.1332 0.0934 -11.3164 -96.6288 34.5742 9.8781010760385E13 0.01999999943436137
0 -0.6160 -0.7877 -0.0084 0.7874 -0.6160 0.0234 -0.0237 0.0078 0.9997 -0.2322 0.0766 9.8117 9.8148 18.1800 -13.9200 -27.7800 1.0901 -0.7355 -0.1114 231.97316 -2.23449 -2.2345 -0.0078 0.0237 -11.3187 -96.6435 34.5960 9.8781030760385E13 0.01999999943436137
0 -0.6160 -0.7877 -0.0084 0.7874 -0.6160 0.0234 -0.0237 0.0078 0.9997 -0.2322 0.0766 9.8117 9.8148 18.1800 -13.9200 -27.7800 0.9276 -0.6738 0.0578 231.97316 -2.23449 -2.2345 -0.0078 0.0237 -11.3175 -96.6570 34.6146 9.8781050760385E13 0.01999999943436137
0 -0.6160 -0.7877 -0.0084 0.7874 -0.6160 0.0234 -0.0237 0.0078 0.9997 -0.2322 0.0766 9.8117 9.8148 18.1800 -13.9200 -27.7800 0.8378 -0.5486 0.3840 231.97316 -2.23449 -2.2345 -0.0078 0.0237 -11.3098 -96.6680 34.6313 9.8781070760385E13 0.01999999943436137
1 -0.6160 -0.7877 -0.0084 0.7874 -0.6160 0.0234 -0.0237 0.0078 0.9997 -0.2322 0.0766 9.8117 9.8148 17.7000 -11.7000 -29.3400 0.8378 -0.5486 0.3840 231.97316 -2.23449 -2.2345 -0.0078 0.0237 -11.3098 -96.6680 34.6313 9.8781070760385E13 0.01999999943436137
0 -0.5592 -0.8290 -0.0068 0.8287 -0.5592 0.0240 -0.0237 0.0078 0.9997 -0.2322 0.0766 9.8117 9.8148 17.7000 -11.7000 -29.3400 0.7273 -0.3555 0.5593 235.99944 -2.1642182 -2.1642 -0.0078 0.0237 -11.2986 -96.6751 34.6459 9.8781090760385E13 0.01999999943436137
0 -0.6328 -0.7707 -0.0744 0.7702 -0.6364 0.0426 -0.0802 -0.0304 0.9963 -0.8093 -0.3065 10.0583 10.0955 17.7000 -11.7000 -29.3400 0.5843 -0.2425 0.4988 230.45227 -2.2610345 -2.2610 0.0304 0.0803 -11.2887 -96.6800 34.6575 9.8781110760385E13 0.01999999943436137
0 -0.3587 -0.9212 0.1509 0.9294 -0.3675 -0.0338 0.0866 0.1281 0.9880 0.8643 1.2785 9.8572 9.9773 17.7000 -11.7000 -29.3400 0.5037 -0.2376 0.2697 248.25197 -1.950371 -1.9504 -0.1285 -0.0875 -11.2833 -96.6847 34.6676 9.8781130760385E13 0.01999999943436137
0 -0.3587 -0.9212 0.1509 0.9294 -0.3675 -0.0338 0.0866 0.1281 0.9880 0.8643 1.2785 9.8572 9.9773 17.7000 -11.7000 -29.3400 0.5605 -0.3800 0.1531 248.25197 -1.950371 -1.9504 -0.1285 -0.0875 -11.2802 -96.6923 34.6788 9.8781150760385E13 0.01999999943436137
0 -0.3587 -0.9212 0.1509 0.9294 -0.3675 -0.0338 0.0866 0.1281 0.9880 0.8643 1.2785 9.8572 9.9773 17.7000 -11.7000 -29.3400 0.7578 -0.5217 0.2209 248.25197 -1.950371 -1.9504 -0.1285 -0.0875 -11.2758 -96.7027 34.6940 9.8781170760385E13 0.01999999943436137
1 -0.3587 -0.9212 0.1509 0.9294 -0.3675 -0.0338 0.0866 0.1281 0.9880 0.8643 1.2785 9.8572 9.9773 16.9200 -10.8000 -30.2400 0.7578 -0.5217 0.2209 248.25197 -1.950371 -1.9504 -0.1285 -0.0875 -11.2758 -96.7027 34.6940 9.8781170760385E13 0.01999999943436137
0 -0.3278 -0.9328 0.1497 0.9408 -0.3368 -0.0388 0.0866 0.1281 0.9880 0.8643 1.2785 9.8572 9.9773 16.9200 -10.8000 -30.2400 0.9734 -0.5266 0.3339 250.14595 -1.9173148 -1.9173 -0.1285 -0.0875 -11.2691 -96.7133 34.7135 9.8781190760385E13 0.01999999943436137
0 -0.4067 -0.9084 0.0969 0.9132 -0.4072 0.0153 0.0255 0.0947 0.9952 0.2586 0.9601 10.0871 10.1360 16.9200 -10.8000 -30.2400 1.0553 -0.3262 0.3919 245.8563 -1.9921834 -1.9922 -0.0949 -0.0256 -11.2613 -96.7198 34.7346 9.8781210760385E13 0.01999999943436137
0 -0.1282 -0.9545 0.2692 0.9821 -0.1600 -0.0996 0.1381 0.2516 0.9579 1.3528 2.4637 9.3808 9.7928 16.9200 -10.8000 -30.2400 0.9692 -0.1179 0.3198 260.48557 -1.7368548 -1.7369 -0.2543 -0.1432 -11.2549 -96.7222 34.7539 9.8781230760818E13 0.020000432434349125
0 -0.1282 -0.9545 0.2692 0.9821 -0.1600 -0.0996 0.1381 0.2516 0.9579 1.3528 2.4637 9.3808 9.7928 16.9200 -10.8000 -30.2400 0.9576 -0.1173 0.1543 260.48557 -1.7368548 -1.7369 -0.2543 -0.1432 -11.2518 -96.7245 34.7731 9.8781250760818E13 0.01999999943436137
0 -0.1282 -0.9545 0.2692 0.9821 -0.1600 -0.0996 0.1381 0.2516 0.9579 1.3528 2.4637 9.3808 9.7928 16.9200 -10.8000 -30.2400 1.1329 0.2364 0.0736 260.48557 -1.7368548 -1.7369 -0.2543 -0.1432 -11.2503 -96.7198 34.7958 9.8781270760818E13 0.01999999943436137
1 -0.1282 -0.9545 0.2692 0.9821 -0.1600 -0.0996 0.1381 0.2516 0.9579 1.3528 2.4637 9.3808 9.7928 16.3200 -10.8000 -30.6000 1.1329 0.2364 0.0736 260.48557 -1.7368548 -1.7369 -0.2543 -0.1432 -11.2503 -96.7198 34.7958 9.8781270760818E13 0.01999999943436137
0 -0.1272 -0.9547 0.2691 0.9822 -0.1591 -0.0999 0.1381 0.2516 0.9579 1.3528 2.4637 9.3808 9.7928 16.3200 -10.8000 -30.6000 1.2050 0.9010 0.2532 260.5406 -1.735894 -1.7359 -0.2543 -0.1432 -11.2453 -96.7018 34.8199 9.8781290760818E13 0.01999999943436137
0 -0.2056 -0.9521 0.2264 0.9718 -0.2259 -0.0676 0.1155 0.2061 0.9717 1.2977 2.3153 10.9155 11.2335 16.3200 -10.8000 -30.6000 1.1384 1.3500 0.4316 256.6515 -1.8037717 -1.8038 -0.2076 -0.1183 -11.2366 -96.6748 34.8426 9.8781310760818E13 0.01999999943436137
0 0.2086 -0.8820 0.4226 0.9779 0.1820 -0.1028 0.0138 0.4347 0.9005 0.1173 3.7063 7.6784 8.5270 16.3200 -10.8000 -30.6000 0.7047 1.1747 0.2337 281.66122 -1.3672698 -1.3673 -0.4497 -0.0153 -11.2320 -96.6513 34.8567 9.8781330760384E13 0.019999565434373645
0 0.2086 -0.8820 0.4226 0.9779 0.1820 -0.1028 0.0138 0.4347 0.9005 0.1173 3.7063 7.6784 8.5270 16.3200 -10.8000 -30.6000 -0.1823 0.7727 0.0853 281.66122 -1.3672698 -1.3673 -0.4497 -0.0153 -11.2303 -96.6358 34.8531 9.8781350760384E13 0.01999999943436137
0 0.2086 -0.8820 0.4226 0.9779 0.1820 -0.1028 0.0138 0.4347 0.9005 0.1173 3.7063 7.6784 8.5270 16.3200 -10.8000 -30.6000 -0.3821 0.5198 0.0028 281.66122 -1.3672698 -1.3673 -0.4497 -0.0153 -11.2302 -96.6254 34.8454 9.8781370760817E13 0.020000432434349125
1 0.2086 -0.8820 0.4226 0.9779 0.1820 -0.1028 0.0138 0.4347 0.9005 0.1173 3.7063 7.6784 8.5270 15.7800 -13.3200 -29.2800 -0.3821 0.5198 0.0028 281.66122 -1.3672698 -1.3673 -0.4497 -0.0153 -11.2302 -96.6254 34.8454 9.8781370760817E13 0.020000432434349125
0 0.0451 -0.8999 0.4337 0.9989 0.0346 -0.0320 0.0138 0.4347 0.9005 0.1173 3.7063 7.6784 8.5270 15.7800 -13.3200 -29.2800 -0.7358 0.2291 -0.0351 272.2048 -1.5323154 -1.5323 -0.4497 -0.0153 -11.2309 -96.6208 34.8307 9.8781390760817E13 0.01999999943436137
0 -0.1448 -0.9277 0.3440 0.9893 -0.1427 0.0317 0.0196 0.3449 0.9384 0.1748 3.0719 8.3584 8.9067 15.7800 -13.3200 -29.2800 -1.2978 -0.0202 -0.1035 261.25742 -1.7233834 -1.7234 -0.3521 -0.0209 -11.2330 -96.6212 34.8048 9.8781410760817E13 0.01999999943436137
0 -0.0746 -0.9222 0.3793 0.9969 -0.0599 0.0506 -0.0239 0.3819 0.9239 -0.1508 2.4062 5.8205 6.3001 15.7800 -13.3200 -29.2800 -2.0351 -0.5400 -0.2464 266.2866 -1.6356076 -1.6356 -0.3919 0.0259 -11.2379 -96.6320 34.7641 9.8781430760817E13 0.01999999943436137
0 -0.0746 -0.9222 0.3793 0.9969 -0.0599 0.0506 -0.0239 0.3819 0.9239 -0.1508 2.4062 5.8205 6.3001 15.7800 -13.3200 -29.2800 -2.8310 -1.1423 -0.3515 266.2866 -1.6356076 -1.6356 -0.3919 0.0259 -11.2449 -96.6549 34.7074 9.8781450760817E13 0.01999999943436137
0 -0.0746 -0.9222 0.3793 0.9969 -0.0599 0.0506 -0.0239 0.3819 0.9239 -0.1508 2.4062 5.8205 6.3001 15.7800 -13.3200 -29.2800 -3.2562 -0.8705 -0.2361 266.2866 -1.6356076 -1.6356 -0.3919 0.0259 -11.2496 -96.6723 34.6423 9.878147076035E13 0.01999953243437458
1 -0.0746 -0.9222 0.3793 0.9969 -0.0599 0.0506 -0.0239 0.3819 0.9239 -0.1508 2.4062 5.8205 6.3001 15.5400 -15.3000 -28.4400 -3.2562 -0.8705 -0.2361 266.2866 -1.6356076 -1.6356 -0.3919 0.0259 -11.2496 -96.6723 34.6423 9.878147076035E13 0.01999953243437458
0 -0.2164 -0.9042 0.3682 0.9760 -0.1911 0.1043 -0.0239 0.3819 0.9239 -0.1508 2.4062 5.8205 6.3001 15.5400 -15.3000 -28.4400 -2.7852 -0.3445 -0.1261 258.06613 -1.7790818 -1.7791 -0.3919 0.0259 -11.2522 -96.6792 34.5866 9.878149076035E13 0.01999999943436137
0 -0.6448 -0.7622 0.0577 0.7643 -0.6423 0.0564 -0.0059 0.0805 0.9967 -0.0527 0.7135 8.8349 8.8638 15.5400 -15.3000 -28.4400 -1.5433 0.2193 -0.3772 229.87653 -2.271083 -2.2711 -0.0806 0.0060 -11.2597 -96.6748 34.5557 9.878151076035E13 0.01999999943436137
0 -0.6640 -0.7467 0.0389 0.7433 -0.6649 -0.0734 0.0806 -0.0199 0.9965 0.9529 -0.2346 11.7774 11.8183 15.5400 -15.3000 -28.4400 -0.1634 0.3042 -0.5788 228.31645 -2.2983115 -2.2983 0.0199 -0.0807 -11.2713 -96.6687 34.5525 9.878153076035E13 0.01999999943436137
0 -0.6640 -0.7467 0.0389 0.7433 -0.6649 -0.0734 0.0806 -0.0199 0.9965 0.9529 -0.2346 11.7774 11.8183 15.5400 -15.3000 -28.4400 0.8989 -0.2486 -0.5696 228.31645 -2.2983115 -2.2983 0.0199 -0.0807 -11.2827 -96.6737 34.5705 9.878155076035E13 0.01999999943436137
0 -0.6640 -0.7467 0.0389 0.7433 -0.6649 -0.0734 0.0806 -0.0199 0.9965 0.9529 -0.2346 11.7774 11.8183 15.5400 -15.3000 -28.4400 1.4463 -0.7453 -0.5794 228.31645 -2.2983115 -2.2983 0.0199 -0.0807 -11.2943 -96.6886 34.5994 9.878157076035E13 0.01999999943436137
1 -0.6640 -0.7467 0.0389 0.7433 -0.6649 -0.0734 0.0806 -0.0199 0.9965 0.9529 -0.2346 11.7774 11.8183 15.7200 -14.5200 -29.0400 1.4463 -0.7453 -0.5794 228.31645 -2.2983115 -2.2983 0.0199 -0.0807 -11.2943 -96.6886 34.5994 9.878157076035E13 0.01999999943436137
0 -0.6408 -0.7669 0.0366 0.7635 -0.6415 -0.0746 0.0806 -0.0199 0.9965 0.9529 -0.2346 11.7774 11.8183 15.7200 -14.5200 -29.0400 1.4860 -0.9511 -0.4303 230.08636 -2.2674208 -2.2674 0.0199 -0.0807 -11.3029 -96.7076 34.6291 9.878159076035E13 0.01999999943436137
0 -0.6880 -0.7256 -0.0096 0.7256 -0.6881 0.0088 -0.0130 -0.0009 0.9999 -0.1389 -0.0096 10.6689 10.6698 15.7200 -14.5200 -29.0400 1.0138 -0.7367 -0.0455 226.5227 -2.3296182 -2.3296 0.0009 0.0130 -11.3038 -96.7223 34.6494 9.878161076035E13 0.01999999943436137
0 -0.3344 -0.9028 0.2704 0.9194 -0.3755 -0.1167 0.2069 0.2096 0.9556 2.0351 2.0615 9.3999 9.8362 15.7200 -14.5200 -29.0400 0.3662 -0.4881 -0.0290 247.41602 -1.9649612 -1.9650 -0.2111 -0.2132 -11.3044 -96.7321 34.6567 9.878163076035E13 0.01999999943436137
0 -0.3344 -0.9028 0.2704 0.9194 -0.3755 -0.1167 0.2069 0.2096 0.9556 2.0351 2.0615 9.3999 9.8362 15.7200 -14.5200 -29.0400 -0.2196 -0.0489 -0.2544 247.41602 -1.9649612 -1.9650 -0.2111 -0.2132 -11.3095 -96.7331 34.6523 9.878165076035E13 0.01999999943436137
0 -0.3344 -0.9028 0.2704 0.9194 -0.3755 -0.1167 0.2069 0.2096 0.9556 2.0351 2.0615 9.3999 9.8362 15.7200 -14.5200 -29.0400 -0.6521 0.4545 -0.2348 247.41602 -1.9649612 -1.9650 -0.2111 -0.2132 -11.3141 -96.7240 34.6393 9.878167076035E13 0.01999999943436137
1 -0.3344 -0.9028 0.2704 0.9194 -0.3755 -0.1167 0.2069 0.2096 0.9556 2.0351 2.0615 9.3999 9.8362 15.7800 -13.6200 -29.2800 -0.6521 0.4545 -0.2348 247.41602 -1.9649612 -1.9650 -0.2111 -0.2132 -11.3141 -96.7240 34.6393 9.878167076035E13 0.01999999943436137
0 -0.2984 -0.9167 0.2656 0.9318 -0.3401 -0.1271 0.2069 0.2096 0.9556 2.0351 2.0615 9.3999 9.8362 15.7800 -13.6200 -29.2800 -0.8176 0.7361 -0.0919 249.64671 -1.9260283 -1.9260 -0.2111 -0.2132 -11.3160 -96.7093 34.6229 9.878169076035E13 0.01999999943436137
0 -0.4638 -0.8721 0.1557 0.8764 -0.4774 -0.0634 0.1296 0.1071 0.9858 1.3384 1.1062 10.1805 10.3275 15.7800 -13.6200 -29.2800 -0.6802 0.7538 0.0486 241.30565 -2.0716074 -2.0716 -0.1073 -0.1307 -11.3150 -96.6942 34.6093 9.878171076035E13 0.01999999943436137
0 -0.5291 -0.8418 0.1064 0.8469 -0.5317 0.0046 0.0527 0.0926 0.9943 0.5100 0.8955 9.6178 9.6729 15.7800 -13.6200 -29.2800 -0.4022 0.5950 0.0816 237.72302 -2.134136 -2.1341 -0.0927 -0.0530 -11.3134 -96.6823 34.6013 9.8781730760783E13 0.020000432434349125
0 -0.5291 -0.8418 0.1064 0.8469 -0.5317 0.0046 0.0527 0.0926 0.9943 0.5100 0.8955 9.6178 9.6729 15.7800 -13.6200 -29.2800 -0.1194 0.2169 -0.0039 237.72302 -2.134136 -2.1341 -0.0927 -0.0530 -11.3135 -96.6780 34.5989 9.8781750760783E13 0.01999999943436137
0 -0.5291 -0.8418 0.1064 0.8469 -0.5317 0.0046 0.0527 0.0926 0.9943 0.5100 0.8955 9.6178 9.6729 15.7800 -13.6200 -29.2800 0.1561 -0.2309 -0.1652 237.72302 -2.134136 -2.1341 -0.0927 -0.0530 -11.3168 -96.6826 34.6020 9.8781770760783E13 0.01999999943436137
1 -0.5291 -0.8418 0.1064 0.8469 -0.5317 0.0046 0.0527 0.0926 0.9943 0.5100 0.8955 9.6178 9.6729 16.1400 -11.8200 -30.1200 0.1561 -0.2309 -0.1652 237.72302 -2.134136 -2.1341 -0.0927 -0.0530 -11.3168 -96.6826 34.6020 9.8781770760783E13 0.01999999943436137
0 -0.4505 -0.8864 0.1064 0.8912 -0.4536 -0.0050 0.0527 0.0926 0.9943 0.5100 0.8955 9.6178 9.6729 16.1400 -11.8200 -30.1200 0.4041 -0.4258 -0.2501 242.89967 -2.0437863 -2.0438 -0.0927 -0.0530 -11.3218 -96.6911 34.6101 9.8781790760783E13 0.01999999943436137
0 -0.4060 -0.9036 0.1370 0.9117 -0.4109 -0.0084 0.0639 0.1215 0.9905 0.6081 1.1564 9.4263 9.5164 16.1400 -11.8200 -30.1200 0.6136 -0.2114 -0.0229 245.54688 -1.9975837 -1.9976 -0.1218 -0.0644 -11.3222 -96.6953 34.6224 9.8781810760783E13 0.01999999943436137
0 -0.3621 -0.9173 0.1659 0.9261 -0.3742 -0.0475 0.1056 0.1365 0.9850 0.9912 1.2809 9.2443 9.3851 16.1400 -11.8200 -30.1200 0.4976 -0.2150 -0.0534 247.80724 -1.9581332 -1.9581 -0.1369 -0.1068 -11.3233 -96.6996 34.6323 9.8781830760349E13 0.019999565434373645
0 -0.3621 -0.9173 0.1659 0.9261 -0.3742 -0.0475 0.1056 0.1365 0.9850 0.9912 1.2809 9.2443 9.3851 16.1400 -11.8200 -30.1200 0.2404 -0.1949 -0.1438 247.80724 -1.9581332 -1.9581 -0.1369 -0.1068 -11.3262 -96.7035 34.6371 9.8781850760349E13 0.01999999943436137
0 -0.3621 -0.9173 0.1659 0.9261 -0.3742 -0.0475 0.1056 0.1365 0.9850 0.9912 1.2809 9.2443 9.3851 16.1400 -11.8200 -30.1200 -0.0614 -0.1252 -0.1530 247.80724 -1.9581332 -1.9581 -0.1369 -0.1068 -11.3292 -96.7060 34.6359 9.8781870760782E13 0.020000432434349125
1 -0.3621 -0.9173 0.1659 0.9261 -0.3742 -0.0475 0.1056 0.1365 0.9850 0.9912 1.2809 9.2443 9.3851 15.7200 -10.4400 -31.0200 -0.0614 -0.1252 -0.1530 247.80724 -1.9581332 -1.9581 -0.1369 -0.1068 -11.3292 -96.7060 34.6359 9.8781870760782E13 0.020000432434349125
0 -0.3028 -0.9391 0.1626 0.9472 -0.3154 -0.0579 0.1056 0.1365 0.9850 0.9912 1.2809 9.2443 9.3851 15.7200 -10.4400 -31.0200 -0.2318 -0.0189 -0.0772 251.43213 -1.8948667 -1.8949 -0.1369 -0.1068 -11.3308 -96.7064 34.6312 9.8781890760782E13 0.01999999943436137
0 -0.2665 -0.9462 0.1834 0.9564 -0.2831 -0.0711 0.1192 0.1565 0.9805 1.1014 1.4461 9.0599 9.2405 15.7200 -10.4400 -31.0200 -0.2122 0.1112 -0.0253 253.3428 -1.8615193 -1.8615 -0.1571 -0.1210 -11.3313 -96.7042 34.6270 9.8781910760782E13 0.01999999943436137
0 -0.3062 -0.9383 0.1606 0.9418 -0.3232 -0.0927 0.1389 0.1229 0.9827 1.4150 1.2522 10.0129 10.1896 15.7200 -10.4400 -31.0200 -0.1322 0.1179 -0.0724 250.99368 -1.9025191 -1.9025 -0.1232 -0.1404 -11.3327 -96.7018 34.6244 9.8781930760782E13 0.01999999943436137
0 -0.3062 -0.9383 0.1606 0.9418 -0.3232 -0.0927 0.1389 0.1229 0.9827 1.4150 1.2522 10.0129 10.1896 15.7200 -10.4400 -31.0200 -0.0418 0.0568 -0.1848 250.99368 -1.9025191 -1.9025 -0.1232 -0.1404 -11.3364 -96.7007 34.6235 9.8781950760782E13 0.01999999943436137
0 -0.3062 -0.9383 0.1606 0.9418 -0.3232 -0.0927 0.1389 0.1229 0.9827 1.4150 1.2522 10.0129 10.1896 15.7200 -10.4400 -31.0200 0.0755 0.0342 -0.2269 250.99368 -1.9025191 -1.9025 -0.1232 -0.1404 -11.3410 -96.7000 34.6250 9.8781970760348E13 0.019999565434373645
1 -0.3062 -0.9383 0.1606 0.9418 -0.3232 -0.0927 0.1389 0.1229 0.9827 1.4150 1.2522 10.0129 10.1896 15.5400 -10.5000 -30.5400 0.0755 0.0342 -0.2269 250.99368 -1.9025191 -1.9025 -0.1232 -0.1404 -11.3410 -96.7000 34.6250 9.8781970760348E13 0.019999565434373645
0 -0.3147 -0.9354 0.1615 0.9390 -0.3317 -0.0912 0.1389 0.1229 0.9827 1.4150 1.2522 10.0129 10.1896 15.5400 -10.5000 -30.5400 0.1537 0.1002 -0.2159 250.47589 -1.9115562 -1.9116 -0.1232 -0.1404 -0.0043 0.0020 0.0031 9.8781990760348E13 0.01999999943436137
0 -0.3389 -0.9293 0.1470 0.9320 -0.3530 -0.0826 0.1287 0.1090 0.9857 1.3001 1.1014 9.9578 10.1025 15.5400 -10.5000 -30.5400 0.1421 0.1924 -0.2074 249.19995 -1.9338256 -1.9338 -0.1092 -0.1298 -0.0085 0.0059 0.0059 9.8782010760348E13 0.01999999943436137
0 -0.3695 -0.9203 0.1284 0.9254 -0.3769 -0.0386 0.0839 0.1046 0.9910 0.7973 0.9936 9.4143 9.5001 15.5400 -10.5000 -30.5400 0.2148 0.1790 -0.2519 247.72964 -1.9594873 -1.9595 -0.1048 -0.0845 -0.0135 0.0094 0.0102 9.8782030760348E13 0.01999999943436137
0 -0.3695 -0.9203 0.1284 0.9254 -0.3769 -0.0386 0.0839 0.1046 0.9910 0.7973 0.9936 9.4143 9.5001 15.5400 -10.5000 -30.5400 0.3296 -0.0293 -0.2183 247.72964 -1.9594873 -1.9595 -0.1048 -0.0845 -0.0179 0.0088 0.0168 9.8782050760348E13 0.01999999943436137
0 -0.3695 -0.9203 0.1284 0.9254 -0.3769 -0.0386 0.0839 0.1046 0.9910 0.7973 0.9936 9.4143 9.5001 15.5400 -10.5000 -30.5400 0.4383 -0.2462 -0.1548 247.72964 -1.9594873 -1.9595 -0.1048 -0.0845 -0.0210 0.0039 0.0256 9.8782070760348E13 0.01999999943436137
1 -0.3695 -0.9203 0.1284 0.9254 -0.3769 -0.0386 0.0839 0.1046 0.9910 0.7973 0.9936 9.4143 9.5001 15.9000 -10.6800 -30.7800 0.4383 -0.2462 -0.1548 247.72964 -1.9594873 -1.9595 -0.1048 -0.0845 -0.0210 0.0039 0.0256 9.8782070760348E13 0.01999999943436137
0 -0.3695 -0.9203 0.1284 0.9254 -0.3770 -0.0386 0.0839 0.1046 0.9910 0.7973 0.9936 9.4143 9.5001 15.9000 -10.6800 -30.7800 0.3907 -0.3708 -0.1286 247.72438 -1.9595792 -1.9596 -0.1048 -0.0845 -0.0235 -0.0035 0.0334 9.8782090760348E13 0.01999999943436137
0 -0.3695 -0.9203 0.1284 0.9254 -0.3770 -0.0386 0.0839 0.1046 0.9910 0.7973 0.9936 9.4143 9.5001 15.9000 -10.6800 -30.7800 0.2422 -0.4111 -0.1646 247.72438 -1.9595792 -1.9596 -0.1048 -0.0845 -0.0268 -0.0117 0.0382 9.8782110760348E13 0.01999999943436137
0 -0.2891 -0.9408 0.1771 0.9463 -0.3088 -0.0956 0.1446 0.1400 0.9795 1.4174 1.3719 9.6010 9.8016 15.9000 -10.6800 -30.7800 0.0816 -0.3708 -0.2171 251.83005 -1.8879217 -1.8879 -0.1404 -0.1466 -0.0312 -0.0191 0.0399 9.8782130760348E13 0.01999999943436137
0 -0.2891 -0.9408 0.1771 0.9463 -0.3088 -0.0956 0.1446 0.1400 0.9795 1.4174 1.3719 9.6010 9.8016 15.9000 -10.6800 -30.7800 -0.0076 -0.2779 -0.2538 251.83005 -1.8879217 -1.8879 -0.1404 -0.1466 -0.0362 -0.0247 0.0397 9.8782150760348E13 0.01999999943436137
0 -0.2891 -0.9408 0.1771 0.9463 -0.3088 -0.0956 0.1446 0.1400 0.9795 1.4174 1.3719 9.6010 9.8016 15.9000 -10.6800 -30.7800 0.0290 -0.1747 -0.2513 251.83005 -1.8879217 -1.8879 -0.1404 -0.1466 -0.0413 -0.0282 0.0403 9.8782170760348E13 0.01999999943436137
1 -0.2891 -0.9408 0.1771 0.9463 -0.3088 -0.0956 0.1446 0.1400 0.9795 1.4174 1.3719 9.6010 9.8016 15.4200 -10.9200 -31.2000 0.0290 -0.1747 -0.2513 251.83005 -1.8879217 -1.8879 -0.1404 -0.1466 -0.0413 -0.0282 0.0403 9.8782170760348E13 0.01999999943436137
0 -0.3021 -0.9364 0.1784 0.9422 -0.3218 -0.0931 0.1446 0.1400 0.9795 1.4174 1.3719 9.6010 9.8016 15.4200 -10.9200 -31.2000 0.1359 -0.1906 -0.2745 251.03642 -1.9017732 -1.9018 -0.1404 -0.1466 -0.0468 -0.0320 0.0430 9.8782190760348E13 0.01999999943436137
0 -0.3579 -0.9223 0.1459 0.9250 -0.3716 -0.0793 0.1274 0.1066 0.9861 1.3049 1.0918 10.1038 10.2461 15.4200 -10.9200 -31.2000 0.1934 -0.3079 -0.3869 248.05682 -1.9537771 -1.9538 -0.1068 -0.1284 -0.0545 -0.0382 0.0469 9.8782210760348E13 0.01999999943436137
0 -0.2502 -0.9457 0.2074 0.9547 -0.2766 -0.1097 0.1611 0.1705 0.9721 1.5228 1.6113 9.1868 9.4506 15.4200 -10.9200 -31.2000 0.1482 -0.4062 -0.5110 253.69582 -1.8553581 -1.8554 -0.1713 -0.1643 -0.0647 -0.0463 0.0498 9.8782230760781E13 0.020000432434349125
0 -0.2502 -0.9457 0.2074 0.9547 -0.2766 -0.1097 0.1611 0.1705 0.9721 1.5228 1.6113 9.1868 9.4506 15.4200 -10.9200 -31.2000 0.0462 -0.4728 -0.5537 253.69582 -1.8553581 -1.8554 -0.1713 -0.1643 -0.0758 -0.0557 0.0508 9.8782250760781E13 0.01999999943436137
0 -0.2502 -0.9457 0.2074 0.9547 -0.2766 -0.1097 0.1611 0.1705 0.9721 1.5228 1.6113 9.1868 9.4506 15.4200 -10.9200 -31.2000 -0.0443 -0.2456 -0.2727 253.69582 -1.8553581 -1.8554 -0.1713 -0.1643 -0.0813 -0.0606 0.0499 9.8782270760781E13 0.01999999943436137
1 -0.2502 -0.9457 0.2074 0.9547 -0.2766 -0.1097 0.1611 0.1705 0.9721 1.5228 1.6113 9.1868 9.4506 14.8200 -10.6800 -31.0800 -0.0443 -0.2456 -0.2727 253.69582 -1.8553581 -1.8554 -0.1713 -0.1643 -0.0813 -0.0606 0.0499 9.8782270760781E13 0.01999999943436137
0 -0.2478 -0.9464 0.2071 0.9553 -0.2742 -0.1103 0.1611 0.1705 0.9721 1.5228 1.6113 9.1868 9.4506 14.8200 -10.6800 -31.0800 -0.0504 -0.1729 -0.2464 253.84099 -1.8528243 -1.8528 -0.1713 -0.1643 -0.0862 -0.0641 0.0489 9.8782290760781E13 0.01999999943436137
0 -0.3445 -0.9261 0.1539 0.9322 -0.3569 -0.0606 0.1110 0.1226 0.9862 1.0990 1.2139 9.7615 9.8978 14.8200 -10.6800 -31.0800 -0.0565 -0.2138 -0.3760 248.92589 -1.9386089 -1.9386 -0.1230 -0.1121 -0.0937 -0.0684 0.0477 9.8782310760781E13 0.01999999943436137
0 -0.1211 -0.9551 0.2704 0.9774 -0.1623 -0.1356 0.1734 0.2479 0.9531 1.7382 2.4853 9.5556 10.0253 14.8200 -10.6800 -31.0800 -0.0388 -0.2388 -0.5079 260.35327 -1.7391634 -1.7392 -0.2505 -0.1799 -0.1039 -0.0732 0.0470 9.8782330760347E13 0.019999565434373645
0 -0.1211 -0.9551 0.2704 0.9774 -0.1623 -0.1356 0.1734 0.2479 0.9531 1.7382 2.4853 9.5556 10.0253 14.8200 -10.6800 -31.0800 0.0162 -0.1625 -0.4847 260.35327 -1.7391634 -1.7392 -0.2505 -0.1799 -0.1136 -0.0764 0.0473 9.8782350760347E13 0.01999999943436137
0 -0.1211 -0.9551 0.2704 0.9774 -0.1623 -0.1356 0.1734 0.2479 0.9531 1.7382 2.4853 9.5556 10.0253 14.8200 -10.6800 -31.0800 0.0260 -0.0971 -0.3668 260.35327 -1.7391634 -1.7392 -0.2505 -0.1799 -0.1209 -0.0783 0.0478 9.878237076078E13 0.020000432434349125
1 -0.1211 -0.9551 0.2704 0.9774 -0.1623 -0.1356 0.1734 0.2479 0.9531 1.7382 2.4853 9.5556 10.0253 14.4600 -10.8000 -31.5000 0.0260 -0.0971 -0.3668 260.35327 -1.7391634 -1.7392 -0.2505 -0.1799 -0.1209 -0.0783 0.0478 9.878237076078E13 0.020000432434349125
0 -0.1233 -0.9547 0.2707 0.9771 -0.1645 -0.1350 0.1734 0.2479 0.9531 1.7382 2.4853 9.5556 10.0253 14.4600 -10.8000 -31.5000 -0.0345 -0.1222 -0.2923 260.2264 -1.7413777 -1.7414 -0.2505 -0.1799 -0.1267 -0.0808 0.0471 9.878239076078E13 0.01999999943436137
0 -0.2318 -0.9479 0.2186 0.9665 -0.2499 -0.0585 0.1100 0.1977 0.9741 1.0942 1.9657 9.6848 9.9427 14.4600 -10.8000 -31.5000 -0.1169 -0.1906 -0.3057 255.23346 -1.8285211 -1.8285 -0.1990 -0.1125 -0.1328 -0.0846 0.0448 9.878241076078E13 0.01999999943436137
0 -0.1606 -0.9540 0.2533 0.9801 -0.1845 -0.0733 0.1166 0.2365 0.9646 1.1157 2.2626 9.2275 9.5662 14.4600 -10.8000 -31.5000 -0.1414 -0.2523 -0.3417 259.05423 -1.7618363 -1.7618 -0.2388 -0.1203 -0.1397 -0.0897 0.0420 9.878243076078E13 0.01999999943436137
0 -0.1606 -0.9540 0.2533 0.9801 -0.1845 -0.0733 0.1166 0.2365 0.9646 1.1157 2.2626 9.2275 9.5662 14.4600 -10.8000 -31.5000 -0.0656 -0.3060 -0.3198 259.05423 -1.7618363 -1.7618 -0.2388 -0.1203 -0.1461 -0.0958 0.0406 9.878245076078E13 0.01999999943436137
0 -0.1606 -0.9540 0.2533 0.9801 -0.1845 -0.0733 0.1166 0.2365 0.9646 1.1157 2.2626 9.2275 9.5662 14.4600 -10.8000 -31.5000 0.0113 -0.2767 -0.2348 259.05423 -1.7618363 -1.7618 -0.2388 -0.1203 -0.1508 -0.1013 0.0409 9.8782470760346E13 0.019999565434373645
1 -0.1606 -0.9540 0.2533 0.9801 -0.1845 -0.0733 0.1166 0.2365 0.9646 1.1157 2.2626 9.2275 9.5662 13.9800 -10.2000 -31.2600 0.0113 -0.2767 -0.2348 259.05423 -1.7618363 -1.7618 -0.2388 -0.1203 -0.1508 -0.1013 0.0409 9.8782470760346E13 0.019999565434373645
0 -0.1368 -0.9582 0.2515 0.9837 -0.1613 -0.0794 0.1166 0.2365 0.9646 1.1157 2.2626 9.2275 9.5662 13.9800 -10.2000 -31.2600 0.0071 -0.1515 -0.1359 260.44666 -1.7375338 -1.7375 -0.2388 -0.1203 -0.1535 -0.1043 0.0410 9.8782490760346E13 0.01999999943436137
0 -0.2194 -0.9522 0.2126 0.9714 -0.2336 -0.0438 0.0914 0.1969 0.9762 0.8979 1.9346 9.5915 9.8257 13.9800 -10.2000 -31.2600 -0.0681 -0.0208 -0.0852 256.21786 -1.8113402 -1.8113 -0.1982 -0.0933 -0.1552 -0.1048 0.0396 9.8782510760346E13 0.01999999943436137
0 -0.0414 -0.9552 0.2932 0.9984 -0.0506 -0.0239 0.0377 0.2917 0.9558 0.3591 2.7798 9.1078 9.5293 13.9800 -10.2000 -31.2600 -0.1567 0.0556 -0.0766 266.96683 -1.6237351 -1.6237 -0.2960 -0.0394 -0.1567 -0.1036 0.0365 9.8782530760346E13 0.01999999943436137
0 -0.0414 -0.9552 0.2932 0.9984 -0.0506 -0.0239 0.0377 0.2917 0.9558 0.3591 2.7798 9.1078 9.5293 13.9800 -10.2000 -31.2600 -0.1622 -0.0275 -0.0449 266.96683 -1.6237351 -1.6237 -0.2960 -0.0394 -0.1576 -0.1042 0.0333 9.8782550760346E13 0.01999999943436137
0 -0.0414 -0.9552 0.2932 0.9984 -0.0506 -0.0239 0.0377 0.2917 0.9558 0.3591 2.7798 9.1078 9.5293 13.9800 -10.2000 -31.2600 -0.0717 -0.2352 0.0284 266.96683 -1.6237351 -1.6237 -0.2960 -0.0394 -0.1571 -0.1089 0.0318 9.8782570760346E13 0.01999999943436137
1 -0.0414 -0.9552 0.2932 0.9984 -0.0506 -0.0239 0.0377 0.2917 0.9558 0.3591 2.7798 9.1078 9.5293 13.6200 -9.7200 -31.6800 -0.0717 -0.2352 0.0284 266.96683 -1.6237351 -1.6237 -0.2960 -0.0394 -0.1571 -0.1089 0.0318 9.8782570760346E13 0.01999999943436137
0 -0.0033 -0.9564 0.2920 0.9993 -0.0141 -0.0351 0.0377 0.2917 0.9558 0.3591 2.7798 9.1078 9.5293 13.6200 -9.7200 -31.6800 -0.0455 -0.3268 0.0162 269.15253 -1.5855877 -1.5856 -0.2960 -0.0394 -0.1567 -0.1154 0.0309 9.8782590760346E13 0.01999999943436137
0 -0.0634 -0.9614 0.2677 0.9980 -0.0596 0.0221 -0.0053 0.2686 0.9632 -0.0551 2.7893 10.0033 10.3850 13.6200 -9.7200 -31.6800 -0.0363 -0.1112 -0.0620 266.4512 -1.6327345 -1.6327 -0.2719 0.0055 -0.1580 -0.1177 0.0302 9.8782610760346E13 0.01999999943436137
0 -0.4036 -0.9089 0.1054 0.9149 -0.4018 0.0380 0.0078 0.1117 0.9937 0.1269 1.8125 16.1207 16.2227 13.6200 -9.7200 -31.6800 0.2752 0.4191 0.0419 246.14854 -1.9870827 -1.9871 -0.1120 -0.0079 -0.1571 -0.1093 0.0357 9.8782630760346E13 0.01999999943436137
0 -0.4036 -0.9089 0.1054 0.9149 -0.4018 0.0380 0.0078 0.1117 0.9937 0.1269 1.8125 16.1207 16.2227 13.6200 -9.7200 -31.6800 0.8024 0.9517 0.3327 246.14854 -1.9870827 -1.9871 -0.1120 -0.0079 -0.1505 -0.0902 0.0517 9.8782650760346E13 0.01999999943436137
0 -0.4036 -0.9089 0.1054 0.9149 -0.4018 0.0380 0.0078 0.1117 0.9937 0.1269 1.8125 16.1207 16.2227 13.6200 -9.7200 -31.6800 1.2398 1.1203 0.6112 246.14854 -1.9870827 -1.9871 -0.1120 -0.0079 -0.1383 -0.0678 0.0765 9.8782670760346E13 0.01999999943436137
1 -0.4036 -0.9089 0.1054 0.9149 -0.4018 0.0380 0.0078 0.1117 0.9937 0.1269 1.8125 16.1207 16.2227 13.5600 -9.4800 -31.9800 1.2398 1.1203 0.6112 246.14854 -1.9870827 -1.9871 -0.1120 -0.0079 -0.1383 -0.0678 0.0765 9.8782670760346E13 0.01999999943436137
0 -0.3898 -0.9148 0.1059 0.9209 -0.3881 0.0364 0.0078 0.1117 0.9937 0.1269 1.8125 16.1207 16.2227 13.5600 -9.4800 -31.9800 1.5623 0.9914 0.7908 247.00984 -1.9720502 -1.9721 -0.1120 -0.0079 -0.1224 -0.0480 0.1078 9.8782690760346E13 0.01999999943436137
