0 -0.9273 0.3739 -0.0166 -0.3644 -0.8918 0.2681 0.0854 0.2546 0.9633 0.8093 2.4134 9.1294 9.4776 -10.5000 -26.9400 -20.2200 -0.7895 1.0947 -0.3650 157.25275 2.7445784 2.7446 -0.2575 -0.0884 -0.0073 0.0219 -0.0158 9.8122889901488E13 0.020012999433993706
1 -0.9183 0.3930 -0.0467 -0.3957 -0.9094 0.1280 0.0078 0.1361 0.9907 0.0910 1.5850 11.5380 11.6467 -11.4000 -27.6000 -20.0400 -0.7895 1.0947 -0.3650 156.62756 2.7336664 2.7337 -0.1365 -0.0079 -0.0073 0.0219 -0.0158 9.8122889901488E13 0.020012999433993706
0 -0.9100 0.4117 -0.0494 -0.4146 -0.9011 0.1271 0.0078 0.1361 0.9907 0.0910 1.5850 11.5380 11.6467 -11.4000 -27.6000 -20.0400 -0.4456 0.9291 -0.4902 155.44409 2.7130108 2.7130 -0.1365 -0.0079 -0.0171 0.0405 -0.0247 9.8122909901488E13 0.01999999943436137
0 -0.9100 0.4117 -0.0494 -0.4146 -0.9011 0.1271 0.0078 0.1361 0.9907 0.0910 1.5850 11.5380 11.6467 -11.4000 -27.6000 -20.0400 -0.0772 0.6683 -0.6240 155.44409 2.7130108 2.7130 -0.1365 -0.0079 -0.0296 0.0539 -0.0263 9.8122929901488E13 0.01999999943436137
0 -0.9100 0.4117 -0.0494 -0.4146 -0.9011 0.1271 0.0078 0.1361 0.9907 0.0910 1.5850 11.5380 11.6467 -11.4000 -27.6000 -20.0400 0.1854 0.3189 -0.7700 155.44409 2.7130108 2.7130 -0.1365 -0.0079 -0.0450 0.0602 -0.0225 9.8122949901488E13 0.01999999943436137
0 -0.9100 0.4117 -0.0494 -0.4146 -0.9011 0.1271 0.0078 0.1361 0.9907 0.0910 1.5850 11.5380 11.6467 -11.4000 -27.6000 -20.0400 0.2942 -0.2535 -0.8268 155.44409 2.7130108 2.7130 -0.1365 -0.0079 -0.0615 0.0552 -0.0167 9.8122969901488E13 0.01999999943436137
0 -0.8949 0.4367 -0.0924 -0.4452 -0.8881 0.1142 -0.0322 0.1433 0.9892 -0.3496 1.5563 10.7431 10.8609 -11.4000 -27.6000 -20.0400 0.3797 -0.8082 -0.7364 153.81683 2.6846101 2.6846 -0.1438 0.0325 -0.0762 0.0390 -0.0091 9.8122989901488E13 0.01999999943436137
1 -0.8668 0.4729 -0.1582 -0.4814 -0.8763 0.0178 -0.1303 0.0916 0.9872 -1.0966 0.7710 8.3105 8.4179 -10.6800 -27.3600 -20.3400 0.3797 -0.8082 -0.7364 151.64633 2.6467276 2.6467 -0.0917 0.1312 -0.0762 0.0390 -0.0091 9.8122989901488E13 0.01999999943436137
0 -0.8744 0.4587 -0.1579 -0.4674 -0.8838 0.0203 -0.1303 0.0916 0.9872 -1.0966 0.7710 8.3105 8.4179 -10.6800 -27.3600 -20.3400 0.4194 -0.9499 -0.7284 152.56897 2.662831 2.6628 -0.0917 0.1312 -0.0908 0.0200 -0.0007 9.8123009901488E13 0.01999999943436137
0 -0.8744 0.4587 -0.1579 -0.4674 -0.8838 0.0203 -0.1303 0.0916 0.9872 -1.0966 0.7710 8.3105 8.4179 -10.6800 -27.3600 -20.3400 0.2740 -1.0171 -0.5672 152.56897 2.662831 2.6628 -0.0917 0.1312 -0.1022 -0.0003 0.0048 9.8123029901488E13 0.01999999943436137
0 -0.8744 0.4587 -0.1579 -0.4674 -0.8838 0.0203 -0.1303 0.0916 0.9872 -1.0966 0.7710 8.3105 8.4179 -10.6800 -27.3600 -20.3400 0.1225 -1.1002 -0.2348 152.56897 2.662831 2.6628 -0.0917 0.1312 -0.1069 -0.0223 0.0072 9.8123049901488E13 0.01999999943436137
0 -0.8744 0.4587 -0.1579 -0.4674 -0.8838 0.0203 -0.1303 0.0916 0.9872 -1.0966 0.7710 8.3105 8.4179 -10.6800 -27.3600 -20.3400 0.0095 -1.0122 0.7004 152.56897 2.662831 2.6628 -0.0917 0.1312 -0.0928 -0.0426 0.0074 9.8123069901488E13 0.01999999943436137
0 -0.8558 0.4791 -0.1952 -0.4740 -0.8773 -0.0753 -0.2073 0.0281 0.9779 -1.7119 0.2322 8.0759 8.2586 -10.6800 -27.3600 -20.3400 0.0272 -0.8625 0.6644 151.35788 2.6416936 2.6417 -0.0281 0.2089 -0.0796 -0.0598 0.0080 9.8123089901488E13 0.01999999943436137
1 -0.9515 0.2847 0.1166 -0.2426 -0.9274 0.2847 0.1892 0.2426 0.9515 1.7646 2.2626 8.8732 9.3256 -9.6600 -27.7200 -20.8800 0.0272 -0.8625 0.6644 162.93317 2.8437197 2.8437 -0.2451 -0.1963 -0.0796 -0.0598 0.0080 9.8123089901488E13 0.01999999943436137
0 -0.9627 0.2367 0.1311 -0.1935 -0.9408 0.2784 0.1892 0.2426 0.9515 1.7646 2.2626 8.8732 9.3256 -9.6600 -27.7200 -20.8800 0.0883 -0.8497 0.4762 165.87488 2.895063 2.8951 -0.2451 -0.1963 -0.0700 -0.0768 0.0097 9.8123109901488E13 0.01999999943436137
0 -0.9627 0.2367 0.1311 -0.1935 -0.9408 0.2784 0.1892 0.2426 0.9515 1.7646 2.2626 8.8732 9.3256 -9.6600 -27.7200 -20.8800 0.2129 -0.6933 0.4878 165.87488 2.895063 2.8951 -0.2451 -0.1963 -0.0603 -0.0907 0.0140 9.8123129901488E13 0.01999999943436137
0 -0.9627 0.2367 0.1311 -0.1935 -0.9408 0.2784 0.1892 0.2426 0.9515 1.7646 2.2626 8.8732 9.3256 -9.6600 -27.7200 -20.8800 0.2563 -0.1576 0.4414 165.87488 2.895063 2.8951 -0.2451 -0.1963 -0.0515 -0.0939 0.0191 9.8123149901488E13 0.01999999943436137
0 -0.9627 0.2367 0.1311 -0.1935 -0.9408 0.2784 0.1892 0.2426 0.9515 1.7646 2.2626 8.8732 9.3256 -9.6600 -27.7200 -20.8800 -0.1328 0.4924 0.1262 165.87488 2.895063 2.8951 -0.2451 -0.1963 -0.0489 -0.0840 0.0165 9.8123169901488E13 0.01999999943436137
0 -0.9590 0.2703 0.0848 -0.2432 -0.9392 0.2425 0.1452 0.2119 0.9664 1.4916 2.1764 9.9267 10.2713 -9.6600 -27.7200 -20.8800 -0.5250 0.9444 0.0193 163.94397 2.8613622 2.8614 -0.2135 -0.1491 -0.0485 -0.0651 0.0060 9.8123189901488E13 0.01999999943436137
1 -0.9529 0.3002 0.0423 -0.2890 -0.9416 0.1727 0.0917 0.1524 0.9841 1.1109 1.8460 11.9235 12.1166 -8.7600 -27.5400 -21.6600 -0.5250 0.9444 0.0193 162.3164 2.8329558 2.8330 -0.1529 -0.0929 -0.0485 -0.0651 0.0060 9.8123189901488E13 0.01999999943436137
0 -0.9622 0.2682 0.0481 -0.2566 -0.9512 0.1712 0.0917 0.1524 0.9841 1.1109 1.8460 11.9235 12.1166 -8.7600 -27.5400 -21.6600 -0.2929 1.1692 0.1415 164.25452 2.866782 2.8668 -0.1529 -0.0929 -0.0457 -0.0417 0.0001 9.8123209901488E13 0.01999999943436137
0 -0.9622 0.2682 0.0481 -0.2566 -0.9512 0.1712 0.0917 0.1524 0.9841 1.1109 1.8460 11.9235 12.1166 -8.7600 -27.5400 -21.6600 0.2942 1.1765 0.2972 164.25452 2.866782 2.8668 -0.1529 -0.0929 -0.0398 -0.0182 0.0060 9.8123229901488E13 0.01999999943436137
0 -0.9622 0.2682 0.0481 -0.2566 -0.9512 0.1712 0.0917 0.1524 0.9841 1.1109 1.8460 11.9235 12.1166 -8.7600 -27.5400 -21.6600 0.5116 0.8980 0.3052 164.25452 2.866782 2.8668 -0.1529 -0.0929 -0.0337 -0.0002 0.0162 9.8123249902172E13 0.020000683434342026
0 -0.9622 0.2682 0.0481 -0.2566 -0.9512 0.1712 0.0917 0.1524 0.9841 1.1109 1.8460 11.9235 12.1166 -8.7600 -27.5400 -21.6600 0.4114 0.5504 0.2978 164.25452 2.866782 2.8668 -0.1529 -0.0929 -0.0277 0.0108 0.0245 9.8123269902172E13 0.01999999943436137
0 -0.9673 0.2375 0.0892 -0.2168 -0.9564 0.1956 0.1318 0.1698 0.9766 1.4414 1.8580 10.6833 10.9390 -8.7600 -27.5400 -21.6600 0.3693 0.3439 0.3058 166.05286 2.8981695 2.8982 -0.1707 -0.1341 -0.0216 0.0176 0.0318 9.8123289902172E13 0.01999999943436137
1 -0.9527 0.3038 -0.0010 -0.2949 -0.9239 0.2439 0.0732 0.2327 0.9698 0.8404 2.6720 11.1382 11.4850 -7.8600 -27.4200 -21.9600 0.3693 0.3439 0.3058 161.7956 2.823866 2.8239 -0.2348 -0.0753 -0.0216 0.0176 0.0318 9.8123289902172E13 0.01999999943436137
0 -0.9629 0.2696 0.0080 -0.2596 -0.9344 0.2438 0.0732 0.2327 0.9698 0.8404 2.6720 11.1382 11.4850 -7.8600 -27.4200 -21.9600 0.4243 0.3519 0.2355 163.90375 2.8606598 2.8607 -0.2348 -0.0753 -0.0169 0.0247 0.0403 9.8123309902172E13 0.01999999943436137
0 -0.9629 0.2696 0.0080 -0.2596 -0.9344 0.2438 0.0732 0.2327 0.9698 0.8404 2.6720 11.1382 11.4850 -7.8600 -27.4200 -21.9600 0.5391 0.5186 0.0932 163.90375 2.8606598 2.8607 -0.2348 -0.0753 -0.0150 0.0351 0.0511 9.8123329902172E13 0.01999999943436137
0 -0.9629 0.2696 0.0080 -0.2596 -0.9344 0.2438 0.0732 0.2327 0.9698 0.8404 2.6720 11.1382 11.4850 -7.8600 -27.4200 -21.9600 0.5049 0.4013 -0.2477 163.90375 2.8606598 2.8607 -0.2348 -0.0753 -0.0200 0.0431 0.0612 9.8123349902172E13 0.01999999943436137
0 -0.9629 0.2696 0.0080 -0.2596 -0.9344 0.2438 0.0732 0.2327 0.9698 0.8404 2.6720 11.1382 11.4850 -7.8600 -27.4200 -21.9600 0.4970 0.7795 -0.7199 163.90375 2.8606598 2.8607 -0.2348 -0.0753 -0.0344 0.0587 0.0712 9.8123369902172E13 0.01999999943436137
0 -0.9715 0.1108 0.2094 -0.0623 -0.9722 0.2257 0.2286 0.2062 0.9514 2.3991 2.1644 9.9865 10.4962 -7.8600 -27.4200 -21.9600 0.4237 0.8589 -0.6576 173.49774 3.0281067 3.0281 -0.2077 -0.2358 -0.0475 0.0758 0.0796 9.8123389902672E13 0.02000049943434723
1 -0.7353 0.5394 -0.4103 -0.5774 -0.8156 -0.0376 -0.3550 0.2093 0.9112 -2.8468 1.6784 7.3073 8.0199 -8.1000 -27.9600 -21.6000 0.4237 0.8589 -0.6576 146.5214 2.5572805 2.5573 -0.2108 0.3715 -0.0475 0.0758 0.0796 9.8123389902672E13 0.02000049943434723
0 -0.7406 0.5318 -0.4107 -0.5705 -0.8206 -0.0338 -0.3550 0.2093 0.9112 -2.8468 1.6784 7.3073 8.0199 -8.1000 -27.9600 -21.6000 0.2361 0.5052 -0.0937 147.05301 2.5665593 2.5666 -0.2108 0.3715 -0.0494 0.0860 0.0843 9.8123409902672E13 0.01999999943436137
0 -0.7406 0.5318 -0.4107 -0.5705 -0.8206 -0.0338 -0.3550 0.2093 0.9112 -2.8468 1.6784 7.3073 8.0199 -8.1000 -27.9600 -21.6000 -0.0748 0.0250 0.2813 147.05301 2.5665593 2.5666 -0.2108 0.3715 -0.0438 0.0865 0.0829 9.8123429902672E13 0.01999999943436137
0 -0.7406 0.5318 -0.4107 -0.5705 -0.8206 -0.0338 -0.3550 0.2093 0.9112 -2.8468 1.6784 7.3073 8.0199 -8.1000 -27.9600 -21.6000 -0.3833 -0.0031 0.2166 147.05301 2.5665593 2.5666 -0.2108 0.3715 -0.0394 0.0864 0.0752 9.8123449902672E13 0.01999999943436137
0 -0.7406 0.5318 -0.4107 -0.5705 -0.8206 -0.0338 -0.3550 0.2093 0.9112 -2.8468 1.6784 7.3073 8.0199 -8.1000 -27.9600 -21.6000 -0.7321 0.1026 0.1946 147.05301 2.5665593 2.5666 -0.2108 0.3715 -0.0355 0.0884 0.0605 9.8123469902672E13 0.01999999943436137
0 -0.8956 0.4037 -0.1867 -0.4373 -0.8760 0.2034 -0.0814 0.2639 0.9611 -0.6967 2.2578 8.2243 8.5570 -8.1000 -27.9600 -21.6000 -0.8451 0.0098 0.2471 155.25812 2.7097657 2.7098 -0.2670 0.0845 -0.0306 0.0886 0.0436 9.8123489902238E13 0.019999565434373645
1 -0.9491 0.3114 -0.0471 -0.3147 -0.9317 0.1814 0.0126 0.1870 0.9823 0.1149 1.7095 8.9809 9.1429 -8.6400 -28.2600 -21.0000 -0.8451 0.0098 0.2471 161.52124 2.8190773 2.8191 -0.1881 -0.0128 -0.0306 0.0886 0.0436 9.8123489902238E13 0.019999565434373645
0 -0.9441 0.3258 -0.0499 -0.3293 -0.9268 0.1806 0.0126 0.1870 0.9823 0.1149 1.7095 8.9809 9.1429 -8.6400 -28.2600 -21.0000 -0.8109 0.0220 0.3522 160.6341 2.8035934 2.8036 -0.1881 -0.0128 -0.0236 0.0891 0.0274 9.8123509902238E13 0.01999999943436137
0 -0.9441 0.3258 -0.0499 -0.3293 -0.9268 0.1806 0.0126 0.1870 0.9823 0.1149 1.7095 8.9809 9.1429 -8.6400 -28.2600 -21.0000 -1.2257 0.1741 0.4408 160.6341 2.8035934 2.8036 -0.1881 -0.0128 -0.0147 0.0926 0.0029 9.8123529902238E13 0.01999999943436137
0 -0.9441 0.3258 -0.0499 -0.3293 -0.9268 0.1806 0.0126 0.1870 0.9823 0.1149 1.7095 8.9809 9.1429 -8.6400 -28.2600 -21.0000 -1.4083 0.0586 0.4823 160.6341 2.8035934 2.8036 -0.1881 -0.0128 -0.0051 0.0937 -0.0253 9.8123549902238E13 0.01999999943436137
0 -0.9441 0.3258 -0.0499 -0.3293 -0.9268 0.1806 0.0126 0.1870 0.9823 0.1149 1.7095 8.9809 9.1429 -8.6400 -28.2600 -21.0000 -1.3961 -0.0831 0.5770 160.6341 2.8035934 2.8036 -0.1881 -0.0128 0.0064 0.0921 -0.0532 9.8123569902238E13 0.01999999943436137
0 -0.9445 0.3250 -0.0487 -0.3285 -0.9295 0.1679 0.0093 0.1746 0.9846 0.0838 1.5754 8.8852 9.0241 -8.6400 -28.2600 -21.0000 -1.0058 0.2419 0.6387 160.72992 2.8052666 2.8053 -0.1755 -0.0094 0.0192 0.0969 -0.0733 9.8123589902238E13 0.01999999943436137
1 -0.9421 0.3304 -0.0570 -0.3352 -0.9306 0.1468 -0.0045 0.1574 0.9875 -0.0503 1.7430 10.9370 11.0752 -7.9200 -28.0200 -21.3000 -1.0058 0.2419 0.6387 160.45465 2.8004625 2.8005 -0.1580 0.0046 0.0192 0.0969 -0.0733 9.8123589902238E13 0.01999999943436137
0 -0.9495 0.3092 -0.0536 -0.3137 -0.9379 0.1480 -0.0045 0.1574 0.9875 -0.0503 1.7430 10.9370 11.0752 -7.9200 -28.0200 -21.3000 -0.5122 0.5229 0.3858 161.75665 2.8231862 2.8232 -0.1580 0.0046 0.0269 0.1074 -0.0835 9.8123609902238E13 0.01999999943436137
0 -0.9495 0.3092 -0.0536 -0.3137 -0.9379 0.1480 -0.0045 0.1574 0.9875 -0.0503 1.7430 10.9370 11.0752 -7.9200 -28.0200 -21.3000 -0.2122 0.4172 0.1909 161.75665 2.8231862 2.8232 -0.1580 0.0046 0.0307 0.1157 -0.0878 9.8123629902238E13 0.01999999943436137
0 -0.9495 0.3092 -0.0536 -0.3137 -0.9379 0.1480 -0.0045 0.1574 0.9875 -0.0503 1.7430 10.9370 11.0752 -7.9200 -28.0200 -21.3000 0.0009 0.1955 0.1347 161.75665 2.8231862 2.8232 -0.1580 0.0046 0.0334 0.1196 -0.0878 9.8123649902238E13 0.01999999943436137
0 -0.9495 0.3092 -0.0536 -0.3137 -0.9379 0.1480 -0.0045 0.1574 0.9875 -0.0503 1.7430 10.9370 11.0752 -7.9200 -28.0200 -21.3000 0.2697 0.0116 0.0639 161.75665 2.8231862 2.8232 -0.1580 0.0046 0.0347 0.1199 -0.0824 9.8123669902238E13 0.01999999943436137
0 -0.9252 0.3578 -0.1267 -0.3660 -0.9294 0.0481 -0.1005 0.0908 0.9908 -1.0678 0.9649 10.5228 10.6208 -7.9200 -28.0200 -21.3000 0.3986 -0.1545 0.0425 158.94305 2.7740793 2.7741 -0.0910 0.1011 0.0356 0.1168 -0.0744 9.8123689902238E13 0.01999999943436137
1 -0.9470 0.3151 -0.0623 -0.3207 -0.9381 0.1310 -0.0172 0.1441 0.9894 -0.1652 1.3863 9.5196 9.6215 -7.4400 -27.4200 -22.0800 0.3986 -0.1545 0.0425 161.43542 2.8175797 2.8176 -0.1446 0.0174 0.0356 0.1168 -0.0744 9.8123689902238E13 0.01999999943436137
0 -0.9498 0.3070 -0.0612 -0.3125 -0.9407 0.1316 -0.0172 0.1441 0.9894 -0.1652 1.3863 9.5196 9.6215 -7.4400 -27.4200 -22.0800 0.2881 -0.2260 0.0339 161.92834 2.826183 2.8262 -0.1446 0.0174 0.0362 0.1122 -0.0686 9.8123709902238E13 0.01999999943436137
0 -0.9498 0.3070 -0.0612 -0.3125 -0.9407 0.1316 -0.0172 0.1441 0.9894 -0.1652 1.3863 9.5196 9.6215 -7.4400 -27.4200 -22.0800 0.0400 -0.1191 -0.0113 161.92834 2.826183 2.8262 -0.1446 0.0174 0.0360 0.1099 -0.0678 9.8123729902238E13 0.01999999943436137
0 -0.9498 0.3070 -0.0612 -0.3125 -0.9407 0.1316 -0.0172 0.1441 0.9894 -0.1652 1.3863 9.5196 9.6215 -7.4400 -27.4200 -22.0800 -0.2568 0.0874 -0.0162 161.92834 2.826183 2.8262 -0.1446 0.0174 0.0357 0.1116 -0.0730 9.8123749902671E13 0.020000432434349125
0 -0.9498 0.3070 -0.0612 -0.3125 -0.9407 0.1316 -0.0172 0.1441 0.9894 -0.1652 1.3863 9.5196 9.6215 -7.4400 -27.4200 -22.0800 -0.4566 0.2669 -0.0192 161.92834 2.826183 2.8262 -0.1446 0.0174 0.0353 0.1169 -0.0821 9.8123769902671E13 0.01999999943436137
0 -0.9510 0.3038 -0.0569 -0.3084 -0.9453 0.1063 -0.0215 0.1186 0.9927 -0.2011 1.1109 9.2994 9.3676 -7.4400 -27.4200 -22.0800 -0.5250 0.3537 -0.0113 162.18182 2.8306072 2.8306 -0.1189 0.0216 0.0351 0.1240 -0.0926 9.8123789902671E13 0.01999999943436137
1 -0.9316 0.3451 -0.1146 -0.3496 -0.9367 0.0212 -0.1000 0.0598 0.9932 -0.9529 0.5698 9.4598 9.5247 -7.5600 -26.4600 -22.9800 -0.5250 0.3537 -0.0113 159.77643 2.788625 2.7886 -0.0599 0.1004 0.0351 0.1240 -0.0926 9.8123789902671E13 0.01999999943436137
0 -0.9243 0.3640 -0.1150 -0.3684 -0.9295 0.0189 -0.1000 0.0598 0.9932 -0.9529 0.5698 9.4598 9.5247 -7.5600 -26.4600 -22.9800 -0.5751 0.3726 0.0480 158.61493 2.7683525 2.7684 -0.0599 0.1004 0.0361 0.1315 -0.1041 9.8123809902671E13 0.01999999943436137
0 -0.9243 0.3640 -0.1150 -0.3684 -0.9295 0.0189 -0.1000 0.0598 0.9932 -0.9529 0.5698 9.4598 9.5247 -7.5600 -26.4600 -22.9800 -0.5232 0.2908 0.0999 158.61493 2.7683525 2.7684 -0.0599 0.1004 0.0380 0.1373 -0.1146 9.8123829902671E13 0.01999999943436137
0 -0.9243 0.3640 -0.1150 -0.3684 -0.9295 0.0189 -0.1000 0.0598 0.9932 -0.9529 0.5698 9.4598 9.5247 -7.5600 -26.4600 -22.9800 -0.3295 0.1161 0.1085 158.61493 2.7683525 2.7684 -0.0599 0.1004 0.0402 0.1396 -0.1212 9.8123849902237E13 0.019999565434373645
0 -0.9243 0.3640 -0.1150 -0.3684 -0.9295 0.0189 -0.1000 0.0598 0.9932 -0.9529 0.5698 9.4598 9.5247 -7.5600 -26.4600 -22.9800 -0.0546 -0.0690 0.0315 158.61493 2.7683525 2.7684 -0.0599 0.1004 0.0408 0.1382 -0.1222 9.8123869902237E13 0.01999999943436137
0 -0.9327 0.3481 -0.0940 -0.3484 -0.9372 -0.0138 -0.0929 0.0199 0.9955 -0.9170 0.1963 9.8285 9.8731 -7.5600 -26.4600 -22.9800 0.1561 -0.2639 -0.0485 159.62384 2.785962 2.7860 -0.0199 0.0930 0.0399 0.1330 -0.1191 9.812388990267E13 0.020000432434349125
1 -0.9387 0.3359 -0.0780 -0.3395 -0.9399 0.0377 -0.0606 0.0619 0.9962 -0.5842 0.5962 9.5986 9.6349 -7.3800 -24.6600 -24.8400 0.1561 -0.2639 -0.0485 160.33209 2.7983227 2.7983 -0.0619 0.0608 0.0399 0.1330 -0.1191 9.812388990267E13 0.020000432434349125
0 -0.9304 0.3579 -0.0789 -0.3614 -0.9317 0.0359 -0.0606 0.0619 0.9962 -0.5842 0.5962 9.5986 9.6349 -7.3800 -24.6600 -24.8400 0.2184 -0.4032 0.0028 158.98761 2.7748573 2.7749 -0.0619 0.0608 0.0399 0.1249 -0.1148 9.812390990267E13 0.01999999943436137
0 -0.9304 0.3579 -0.0789 -0.3614 -0.9317 0.0359 -0.0606 0.0619 0.9962 -0.5842 0.5962 9.5986 9.6349 -7.3800 -24.6600 -24.8400 0.1867 -0.4765 0.0535 158.98761 2.7748573 2.7749 -0.0619 0.0608 0.0410 0.1154 -0.1110 9.812392990267E13 0.01999999943436137
0 -0.9304 0.3579 -0.0789 -0.3614 -0.9317 0.0359 -0.0606 0.0619 0.9962 -0.5842 0.5962 9.5986 9.6349 -7.3800 -24.6600 -24.8400 0.0767 -0.3995 0.0480 158.98761 2.7748573 2.7749 -0.0619 0.0608 0.0420 0.1074 -0.1095 9.812394990267E13 0.01999999943436137
0 -0.9304 0.3579 -0.0789 -0.3614 -0.9317 0.0359 -0.0606 0.0619 0.9962 -0.5842 0.5962 9.5986 9.6349 -7.3800 -24.6600 -24.8400 -0.1402 -0.1387 0.0058 158.98761 2.7748573 2.7749 -0.0619 0.0608 0.0421 0.1046 -0.1123 9.812396990267E13 0.01999999943436137
0 -0.9397 0.3373 -0.0557 -0.3403 -0.9386 0.0564 -0.0333 0.0719 0.9969 -0.3232 0.6991 9.6896 9.7202 -7.3800 -24.6600 -24.8400 -0.5617 0.2144 0.0107 160.23248 2.796584 2.7966 -0.0720 0.0333 0.0423 0.1089 -0.1235 9.8123989902236E13 0.019999565434373645
1 -0.9434 0.3286 -0.0459 -0.3303 -0.9431 0.0379 -0.0309 0.0510 0.9982 -0.3089 0.5100 9.9913 10.0091 -7.8600 -24.1200 -25.9800 -0.5617 0.2144 0.0107 160.79102 2.8063326 2.8063 -0.0510 0.0309 0.0423 0.1089 -0.1235 9.8123989902236E13 0.019999565434373645
0 -0.9337 0.3549 -0.0470 -0.3566 -0.9335 0.0366 -0.0309 0.0510 0.9982 -0.3089 0.5100 9.9913 10.0091 -7.8600 -24.1200 -25.9800 -0.5525 0.0996 0.0095 159.18579 2.7783165 2.7783 -0.0510 0.0309 0.0425 0.1109 -0.1346 9.8124009902236E13 0.01999999943436137
0 -0.9337 0.3549 -0.0470 -0.3566 -0.9335 0.0366 -0.0309 0.0510 0.9982 -0.3089 0.5100 9.9913 10.0091 -7.8600 -24.1200 -25.9800 -0.4199 -0.0586 -0.0192 159.18579 2.7783165 2.7783 -0.0510 0.0309 0.0421 0.1097 -0.1430 9.8124029902236E13 0.01999999943436137
0 -0.9337 0.3549 -0.0470 -0.3566 -0.9335 0.0366 -0.0309 0.0510 0.9982 -0.3089 0.5100 9.9913 10.0091 -7.8600 -24.1200 -25.9800 -0.2159 -0.2297 -0.0241 159.18579 2.7783165 2.7783 -0.0510 0.0309 0.0416 0.1051 -0.1473 9.8124049902236E13 0.01999999943436137
0 -0.9337 0.3549 -0.0470 -0.3566 -0.9335 0.0366 -0.0309 0.0510 0.9982 -0.3089 0.5100 9.9913 10.0091 -7.8600 -24.1200 -25.9800 0.0119 -0.4032 -0.0357 159.18579 2.7783165 2.7783 -0.0510 0.0309 0.0409 0.0970 -0.1471 9.8124069902236E13 0.01999999943436137
0 -0.9336 0.3552 -0.0473 -0.3568 -0.9337 0.0307 -0.0333 0.0456 0.9984 -0.3376 0.4621 10.1254 10.1415 -7.8600 -24.1200 -25.9800 0.2349 -0.5663 -0.0485 159.17065 2.778052 2.7781 -0.0456 0.0333 0.0399 0.0857 -0.1424 9.8124089902236E13 0.01999999943436137
1 -0.9369 0.3473 -0.0390 -0.3484 -0.9369 0.0272 -0.0271 0.0391 0.9989 -0.2753 0.3974 10.1613 10.1728 -8.4600 -23.3400 -26.5200 0.2349 -0.5663 -0.0485 159.6615 2.7866187 2.7866 -0.0391 0.0271 0.0399 0.0857 -0.1424 9.8124089902236E13 0.01999999943436137
0 -0.9240 0.3803 -0.0399 -0.3814 -0.9240 0.0258 -0.0271 0.0391 0.9989 -0.2753 0.3974 10.1613 10.1728 -8.4600 -23.3400 -26.5200 0.4194 -0.7184 -0.0497 157.63129 2.7511852 2.7512 -0.0391 0.0271 0.0389 0.0714 -0.1340 9.8124109902236E13 0.01999999943436137
0 -0.9240 0.3803 -0.0399 -0.3814 -0.9240 0.0258 -0.0271 0.0391 0.9989 -0.2753 0.3974 10.1613 10.1728 -8.4600 -23.3400 -26.5200 0.5434 -0.7789 -0.0546 157.63129 2.7511852 2.7512 -0.0391 0.0271 0.0378 0.0558 -0.1231 9.8124129902236E13 0.01999999943436137
0 -0.9240 0.3803 -0.0399 -0.3814 -0.9240 0.0258 -0.0271 0.0391 0.9989 -0.2753 0.3974 10.1613 10.1728 -8.4600 -23.3400 -26.5200 0.5874 -0.7159 -0.0345 157.63129 2.7511852 2.7512 -0.0391 0.0271 0.0372 0.0415 -0.1114 9.8124149902236E13 0.01999999943436137
0 -0.9240 0.3803 -0.0399 -0.3814 -0.9240 0.0258 -0.0271 0.0391 0.9989 -0.2753 0.3974 10.1613 10.1728 -8.4600 -23.3400 -26.5200 0.5440 -0.5925 0.0181 157.63129 2.7511852 2.7512 -0.0391 0.0271 0.0375 0.0296 -0.1005 9.8124169902236E13 0.01999999943436137
0 -0.9297 0.3673 -0.0267 -0.3681 -0.9291 0.0345 -0.0121 0.0419 0.9990 -0.1245 0.4310 10.2643 10.2741 -8.4600 -23.3400 -26.5200 0.3931 -0.4581 0.0407 158.4292 2.7651107 2.7651 -0.0420 0.0121 0.0383 0.0204 -0.0926 9.8124189902236E13 0.01999999943436137
1 -0.9405 0.3397 0.0011 -0.3385 -0.9376 0.0800 0.0282 0.0749 0.9968 0.2921 0.7757 10.3217 10.3550 -8.7600 -23.0400 -26.5800 0.3931 -0.4581 0.0407 160.08435 2.7939985 2.7940 -0.0750 -0.0283 0.0383 0.0204 -0.0926 9.8124189902236E13 0.01999999943436137
0 -0.9346 0.3557 -0.0003 -0.3546 -0.9316 0.0800 0.0282 0.0749 0.9968 0.2921 0.7757 10.3217 10.3550 -8.7600 -23.0400 -26.5800 0.2502 -0.3042 0.0052 159.10388 2.776887 2.7769 -0.0750 -0.0283 0.0384 0.0144 -0.0876 9.8124209902236E13 0.01999999943436137
0 -0.9346 0.3557 -0.0003 -0.3546 -0.9316 0.0800 0.0282 0.0749 0.9968 0.2921 0.7757 10.3217 10.3550 -8.7600 -23.0400 -26.5800 0.2105 -0.2663 -0.0351 159.10388 2.776887 2.7769 -0.0750 -0.0283 0.0377 0.0090 -0.0834 9.8124229902236E13 0.01999999943436137
0 -0.9346 0.3557 -0.0003 -0.3546 -0.9316 0.0800 0.0282 0.0749 0.9968 0.2921 0.7757 10.3217 10.3550 -8.7600 -23.0400 -26.5800 0.2648 -0.2792 -0.0351 159.10388 2.776887 2.7769 -0.0750 -0.0283 0.0370 0.0034 -0.0781 9.8124249902669E13 0.020000432434349125
0 -0.9346 0.3557 -0.0003 -0.3546 -0.9316 0.0800 0.0282 0.0749 0.9968 0.2921 0.7757 10.3217 10.3550 -8.7600 -23.0400 -26.5800 0.3540 -0.2254 -0.0284 159.10388 2.776887 2.7769 -0.0750 -0.0283 0.0365 -0.0011 -0.0710 9.8124269902669E13 0.01999999943436137
0 -0.9322 0.3618 -0.0063 -0.3614 -0.9302 0.0645 0.0174 0.0624 0.9979 0.1772 0.6345 10.1445 10.1659 -8.7600 -23.0400 -26.5800 0.4035 -0.1979 -0.0137 158.7478 2.7706716 2.7707 -0.0625 -0.0175 0.0362 -0.0050 -0.0630 9.8124289902669E13 0.01999999943436137
1 -0.9412 0.3373 0.0178 -0.3321 -0.9336 0.1344 0.0620 0.1206 0.9908 0.5770 1.1229 9.2275 9.3135 -9.6000 -23.4000 -25.8600 0.4035 -0.1979 -0.0137 160.13562 2.7948937 2.7949 -0.1209 -0.0625 0.0362 -0.0050 -0.0630 9.8124289902669E13 0.01999999943436137
0 -0.9303 0.3667 0.0136 -0.3616 -0.9225 0.1349 0.0620 0.1206 0.9908 0.5770 1.1229 9.2275 9.3135 -9.6000 -23.4000 -25.8600 0.3986 -0.2407 0.0126 158.32373 2.7632706 2.7633 -0.1209 -0.0625 0.0364 -0.0098 -0.0550 9.8124309902669E13 0.01999999943436137
0 -0.9303 0.3667 0.0136 -0.3616 -0.9225 0.1349 0.0620 0.1206 0.9908 0.5770 1.1229 9.2275 9.3135 -9.6000 -23.4000 -25.8600 0.3107 -0.3140 0.0419 158.32373 2.7632706 2.7633 -0.1209 -0.0625 0.0373 -0.0161 -0.0488 9.8124329902669E13 0.01999999943436137
0 -0.9303 0.3667 0.0136 -0.3616 -0.9225 0.1349 0.0620 0.1206 0.9908 0.5770 1.1229 9.2275 9.3135 -9.6000 -23.4000 -25.8600 0.1518 -0.3060 0.0712 158.32373 2.7632706 2.7633 -0.1209 -0.0625 0.0387 -0.0222 -0.0457 9.8124349902235E13 0.019999565434373645
0 -0.9303 0.3667 0.0136 -0.3616 -0.9225 0.1349 0.0620 0.1206 0.9908 0.5770 1.1229 9.2275 9.3135 -9.6000 -23.4000 -25.8600 -0.0241 -0.2071 0.0724 158.32373 2.7632706 2.7633 -0.1209 -0.0625 0.0402 -0.0264 -0.0462 9.8124369902235E13 0.01999999943436137
0 -0.9388 0.3421 0.0389 -0.3329 -0.9308 0.1510 0.0879 0.1288 0.9878 0.8188 1.1995 9.2012 9.3151 -9.6000 -23.4000 -25.8600 -0.1261 -0.0538 0.0272 159.81842 2.7893574 2.7894 -0.1291 -0.0888 0.0407 -0.0274 -0.0487 9.8124389902668E13 0.020000432434349125
1 -0.9455 0.3195 0.0619 -0.3082 -0.9402 0.1450 0.1045 0.1181 0.9875 1.0343 1.1684 9.7734 9.8972 -10.2600 -23.4600 -25.2000 -0.1261 -0.0538 0.0272 161.22833 2.8139653 2.8140 -0.1183 -0.1054 0.0407 -0.0274 -0.0487 9.8124389902668E13 0.020000432434349125
0 -0.9359 0.3475 0.0575 -0.3364 -0.9302 0.1468 0.1045 0.1181 0.9875 1.0343 1.1684 9.7734 9.8972 -10.2600 -23.4600 -25.2000 -0.1622 0.0177 -0.0119 159.51324 2.7840312 2.7840 -0.1183 -0.1054 0.0405 -0.0271 -0.0520 9.8124409902668E13 0.01999999943436137
0 -0.9359 0.3475 0.0575 -0.3364 -0.9302 0.1468 0.1045 0.1181 0.9875 1.0343 1.1684 9.7734 9.8972 -10.2600 -23.4600 -25.2000 -0.1811 0.0281 -0.0278 159.51324 2.7840312 2.7840 -0.1183 -0.1054 0.0399 -0.0265 -0.0556 9.8124429902668E13 0.01999999943436137
0 -0.9359 0.3475 0.0575 -0.3364 -0.9302 0.1468 0.1045 0.1181 0.9875 1.0343 1.1684 9.7734 9.8972 -10.2600 -23.4600 -25.2000 -0.1860 0.0874 -0.0827 159.51324 2.7840312 2.7840 -0.1183 -0.1054 0.0382 -0.0248 -0.0593 9.8124449902668E13 0.01999999943436137
0 -0.9359 0.3475 0.0575 -0.3364 -0.9302 0.1468 0.1045 0.1181 0.9875 1.0343 1.1684 9.7734 9.8972 -10.2600 -23.4600 -25.2000 -0.1493 0.1423 -0.1365 159.51324 2.7840312 2.7840 -0.1183 -0.1054 0.0355 -0.0219 -0.0623 9.8124469902668E13 0.01999999943436137
0 -0.9432 0.3211 0.0851 -0.3060 -0.9396 0.1535 0.1293 0.1187 0.9845 1.2905 1.1852 9.8285 9.9835 -10.2600 -23.4600 -25.2000 -0.1677 0.1057 -0.1841 161.13446 2.8123264 2.8123 -0.1190 -0.1306 0.0318 -0.0198 -0.0657 9.8124489902234E13 0.019999565434373645
1 -0.9396 0.3350 0.0707 -0.3236 -0.9363 0.1363 0.1118 0.1052 0.9881 1.0894 1.0247 9.6250 9.7405 -11.1600 -24.1800 -24.4200 -0.1677 0.1057 -0.1841 160.31439 2.7980134 2.7980 -0.1054 -0.1127 0.0318 -0.0198 -0.0657 9.8124489902234E13 0.019999565434373645
0 -0.9299 0.3618 0.0667 -0.3505 -0.9263 0.1383 0.1118 0.1052 0.9881 1.0894 1.0247 9.6250 9.7405 -11.1600 -24.1800 -24.4200 -0.1976 0.0446 -0.2086 158.66626 2.769249 2.7692 -0.1054 -0.1127 0.0277 -0.0189 -0.0696 9.8124509902234E13 0.01999999943436137
0 -0.9299 0.3618 0.0667 -0.3505 -0.9263 0.1383 0.1118 0.1052 0.9881 1.0894 1.0247 9.6250 9.7405 -11.1600 -24.1800 -24.4200 -0.1854 0.0391 -0.1780 158.66626 2.769249 2.7692 -0.1054 -0.1127 0.0241 -0.0182 -0.0733 9.8124529902234E13 0.01999999943436137
0 -0.9299 0.3618 0.0667 -0.3505 -0.9263 0.1383 0.1118 0.1052 0.9881 1.0894 1.0247 9.6250 9.7405 -11.1600 -24.1800 -24.4200 -0.1469 0.0654 -0.1371 158.66626 2.769249 2.7692 -0.1054 -0.1127 0.0214 -0.0168 -0.0763 9.8124549902234E13 0.01999999943436137
0 -0.9299 0.3618 0.0667 -0.3505 -0.9263 0.1383 0.1118 0.1052 0.9881 1.0894 1.0247 9.6250 9.7405 -11.1600 -24.1800 -24.4200 -0.0803 0.0507 -0.1286 158.66626 2.769249 2.7692 -0.1054 -0.1127 0.0188 -0.0158 -0.0779 9.8124569902234E13 0.01999999943436137
0 -0.9281 0.3675 0.0602 -0.3594 -0.9262 0.1140 0.0976 0.0841 0.9917 0.9338 0.8045 9.4837 9.5635 -11.1600 -24.1800 -24.4200 0.0321 -0.0654 -0.1261 158.35559 2.7638266 2.7638 -0.0842 -0.0981 0.0163 -0.0171 -0.0772 9.8124589902234E13 0.01999999943436137
1 -0.9281 0.3675 0.0602 -0.3594 -0.9262 0.1140 0.0976 0.0841 0.9917 0.9338 0.8045 9.4837 9.5635 -11.5800 -24.2400 -23.9400 0.0321 -0.0654 -0.1261 158.35559 2.7638266 2.7638 -0.0842 -0.0981 0.0163 -0.0171 -0.0772 9.8124589902234E13 0.01999999943436137
0 -0.9220 0.3829 0.0583 -0.3748 -0.9200 0.1149 0.0976 0.0841 0.9917 0.9338 0.8045 9.4837 9.5635 -11.5800 -24.2400 -23.9400 0.1164 -0.2566 -0.1383 157.40424 2.7472224 2.7472 -0.0842 -0.0981 0.0135 -0.0223 -0.0749 9.8124609902234E13 0.01999999943436137
0 -0.9220 0.3829 0.0583 -0.3748 -0.9200 0.1149 0.0976 0.0841 0.9917 0.9338 0.8045 9.4837 9.5635 -11.5800 -24.2400 -23.9400 0.0608 -0.4001 -0.1554 157.40424 2.7472224 2.7472 -0.0842 -0.0981 0.0104 -0.0303 -0.0737 9.8124629902234E13 0.01999999943436137
0 -0.9220 0.3829 0.0583 -0.3748 -0.9200 0.1149 0.0976 0.0841 0.9917 0.9338 0.8045 9.4837 9.5635 -11.5800 -24.2400 -23.9400 -0.0925 -0.4264 -0.1646 157.40424 2.7472224 2.7472 -0.0842 -0.0981 0.0071 -0.0388 -0.0755 9.8124649902234E13 0.01999999943436137
0 -0.9165 0.3979 0.0404 -0.3902 -0.9118 0.1284 0.0880 0.1019 0.9909 0.8164 0.9457 9.1964 9.2809 -11.5800 -24.2400 -23.9400 -0.1921 -0.2162 -0.1224 156.42291 2.7300944 2.7301 -0.1021 -0.0885 0.0047 -0.0431 -0.0794 9.8124669902234E13 0.01999999943436137
0 -0.9119 0.4096 0.0263 -0.4029 -0.9055 0.1329 0.0783 0.1106 0.9908 0.7949 1.1229 10.0583 10.1520 -11.5800 -24.2400 -23.9400 -0.2532 0.0812 -0.0772 155.66034 2.716786 2.7168 -0.1108 -0.0789 0.0031 -0.0415 -0.0844 9.8124689902234E13 0.01999999943436137
1 -0.9119 0.4096 0.0263 -0.4029 -0.9055 0.1329 0.0783 0.1106 0.9908 0.7949 1.1229 10.0583 10.1520 -11.8800 -24.1800 -23.7000 -0.2532 0.0812 -0.0772 155.66034 2.716786 2.7168 -0.1108 -0.0789 0.0031 -0.0415 -0.0844 9.8124689902234E13 0.01999999943436137
0 -0.9066 0.4213 0.0246 -0.4147 -0.9002 0.1333 0.0783 0.1106 0.9908 0.7949 1.1229 10.0583 10.1520 -11.8800 -24.1800 -23.7000 -0.2984 0.2480 -0.2135 154.91913 2.7038484 2.7038 -0.1108 -0.0789 -0.0012 -0.0365 -0.0904 9.8124709902234E13 0.01999999943436137
0 -0.9066 0.4213 0.0246 -0.4147 -0.9002 0.1333 0.0783 0.1106 0.9908 0.7949 1.1229 10.0583 10.1520 -11.8800 -24.1800 -23.7000 -0.2935 0.1692 -0.5158 154.91913 2.7038484 2.7038 -0.1108 -0.0789 -0.0115 -0.0332 -0.0963 9.8124729902234E13 0.01999999943436137
0 -0.9066 0.4213 0.0246 -0.4147 -0.9002 0.1333 0.0783 0.1106 0.9908 0.7949 1.1229 10.0583 10.1520 -11.8800 -24.1800 -23.7000 -0.2300 0.0507 -0.5568 154.91913 2.7038484 2.7038 -0.1108 -0.0789 -0.0226 -0.0321 -0.1009 9.8124749902667E13 0.020000432434349125
0 -0.9212 0.3825 0.0715 -0.3613 -0.9089 0.2084 0.1447 0.1662 0.9754 1.4509 1.6664 9.7830 10.0294 -11.8800 -24.1800 -23.7000 -0.2263 0.1545 -0.4065 157.17377 2.7432 2.7432 -0.1669 -0.1472 -0.0307 -0.0290 -0.1054 9.8124769902667E13 0.01999999943436137
0 -0.9036 0.4282 0.0161 -0.4273 -0.9032 0.0407 0.0320 0.0299 0.9990 0.3017 0.2825 9.4310 9.4401 -11.8800 -24.1800 -23.7000 -0.2379 0.3042 -0.2391 154.63617 2.6989105 2.6989 -0.0299 -0.0320 -0.0355 -0.0230 -0.1101 9.8124789902667E13 0.01999999943436137
1 -0.9036 0.4282 0.0161 -0.4273 -0.9032 0.0407 0.0320 0.0299 0.9990 0.3017 0.2825 9.4310 9.4401 -12.0000 -24.0000 -23.4000 -0.2379 0.3042 -0.2391 154.63617 2.6989105 2.6989 -0.0299 -0.0320 -0.0355 -0.0230 -0.1101 9.8124789902667E13 0.01999999943436137
0 -0.9004 0.4348 0.0158 -0.4339 -0.9000 0.0408 0.0320 0.0299 0.9990 0.3017 0.2825 9.4310 9.4401 -12.0000 -24.0000 -23.4000 -0.2263 0.1545 -0.1408 154.21436 2.6915483 2.6915 -0.0299 -0.0320 -0.0383 -0.0199 -0.1147 9.8124809902667E13 0.01999999943436137
0 -0.9004 0.4348 0.0158 -0.4339 -0.9000 0.0408 0.0320 0.0299 0.9990 0.3017 0.2825 9.4310 9.4401 -12.0000 -24.0000 -23.4000 -0.1945 -0.0660 -0.0950 154.21436 2.6915483 2.6915 -0.0299 -0.0320 -0.0402 -0.0212 -0.1186 9.8124829902667E13 0.01999999943436137
0 -0.9004 0.4348 0.0158 -0.4339 -0.9000 0.0408 0.0320 0.0299 0.9990 0.3017 0.2825 9.4310 9.4401 -12.0000 -24.0000 -23.4000 -0.0901 -0.0855 -0.1053 154.21436 2.6915483 2.6915 -0.0299 -0.0320 -0.0423 -0.0229 -0.1204 9.8124849902233E13 0.019999565434373645
0 -0.9055 0.4234 0.0301 -0.4198 -0.9038 0.0838 0.0627 0.0632 0.9960 0.5914 0.5962 9.3951 9.4326 -12.0000 -24.0000 -23.4000 0.0767 -0.0330 -0.1340 154.89984 2.7035122 2.7035 -0.0632 -0.0629 -0.0450 -0.0236 -0.1188 9.8124869902233E13 0.01999999943436137
0 -0.9075 0.4185 0.0361 -0.4152 -0.9067 0.0741 0.0638 0.0523 0.9966 0.6225 0.5100 9.7255 9.7588 -12.0000 -24.0000 -23.4000 0.2080 0.0440 -0.0638 155.22339 2.7091591 2.7092 -0.0523 -0.0639 -0.0463 -0.0227 -0.1147 9.8124889902666E13 0.020000432434349125
1 -0.9075 0.4185 0.0361 -0.4152 -0.9067 0.0741 0.0638 0.0523 0.9966 0.6225 0.5100 9.7255 9.7588 -11.3400 -23.7000 -23.4600 0.2080 0.0440 -0.0638 155.22339 2.7091591 2.7092 -0.0523 -0.0639 -0.0463 -0.0227 -0.1147 9.8124889902666E13 0.020000432434349125
0 -0.9154 0.4008 0.0376 -0.3975 -0.9147 0.0734 0.0638 0.0523 0.9966 0.6225 0.5100 9.7255 9.7588 -11.3400 -23.7000 -23.4600 0.0089 0.0617 0.0822 156.33728 2.7286003 2.7286 -0.0523 -0.0639 -0.0447 -0.0215 -0.1145 9.8124909902666E13 0.01999999943436137
0 -0.9154 0.4008 0.0376 -0.3975 -0.9147 0.0734 0.0638 0.0523 0.9966 0.6225 0.5100 9.7255 9.7588 -11.3400 -23.7000 -23.4600 -0.1371 0.0263 0.0889 156.33728 2.7286003 2.7286 -0.0523 -0.0639 -0.0429 -0.0209 -0.1172 9.8124929902666E13 0.01999999943436137
0 -0.9154 0.4008 0.0376 -0.3975 -0.9147 0.0734 0.0638 0.0523 0.9966 0.6225 0.5100 9.7255 9.7588 -11.3400 -23.7000 -23.4600 -0.1744 0.0147 0.0883 156.33728 2.7286003 2.7286 -0.0523 -0.0639 -0.0411 -0.0206 -0.1207 9.8124949902666E13 0.01999999943436137
0 -0.9173 0.3957 0.0437 -0.3877 -0.9130 0.1272 0.0902 0.0998 0.9909 0.8380 0.9266 9.2036 9.2880 -11.3400 -23.7000 -23.4600 -0.1524 0.0415 0.0773 156.56738 2.7326167 2.7326 -0.0999 -0.0908 -0.0396 -0.0198 -0.1238 9.8124969902666E13 0.01999999943436137
0 -0.9251 0.3730 0.0703 -0.3650 -0.9250 0.1052 0.1043 0.0717 0.9920 1.0559 0.7255 10.0416 10.1230 -11.3400 -23.7000 -23.4600 -0.0931 0.0672 0.0565 158.03687 2.758264 2.7583 -0.0717 -0.1048 -0.0384 -0.0185 -0.1256 9.8124989902232E13 0.019999565434373645
1 -0.9251 0.3730 0.0703 -0.3650 -0.9250 0.1052 0.1043 0.0717 0.9920 1.0559 0.7255 10.0416 10.1230 -10.9800 -24.0000 -23.9400 -0.0931 0.0672 0.0565 158.03687 2.758264 2.7583 -0.0717 -0.1048 -0.0384 -0.0185 -0.1256 9.8124989902232E13 0.019999565434373645
0 -0.9323 0.3543 0.0724 -0.3462 -0.9324 0.1038 0.1043 0.0717 0.9920 1.0559 0.7255 10.0416 10.1230 -10.9800 -24.0000 -23.9400 0.0156 0.0367 0.0400 159.19458 2.7784693 2.7785 -0.0717 -0.1048 -0.0376 -0.0177 -0.1253 9.8125009902232E13 0.01999999943436137
0 -0.9323 0.3543 0.0724 -0.3462 -0.9324 0.1038 0.1043 0.0717 0.9920 1.0559 0.7255 10.0416 10.1230 -10.9800 -24.0000 -23.9400 0.1323 -0.0788 0.0449 159.19458 2.7784693 2.7785 -0.0717 -0.1048 -0.0367 -0.0193 -0.1227 9.8125029902232E13 0.01999999943436137
0 -0.9323 0.3543 0.0724 -0.3462 -0.9324 0.1038 0.1043 0.0717 0.9920 1.0559 0.7255 10.0416 10.1230 -10.9800 -24.0000 -23.9400 0.1714 -0.2059 0.0425 159.19458 2.7784693 2.7785 -0.0717 -0.1048 -0.0359 -0.0234 -0.1192 9.8125049902232E13 0.01999999943436137
0 -0.9299 0.3622 0.0634 -0.3562 -0.9301 0.0894 0.0913 0.0606 0.9940 0.9242 0.6129 10.0607 10.1217 -10.9800 -24.0000 -23.9400 0.1384 -0.2376 0.0321 158.72089 2.7702024 2.7702 -0.0606 -0.0916 -0.0352 -0.0282 -0.1165 9.8125069902232E13 0.01999999943436137
0 -0.9332 0.3512 0.0760 -0.3427 -0.9335 0.1058 0.1081 0.0727 0.9915 1.0607 0.7135 9.7327 9.8163 -10.9800 -24.0000 -23.9400 0.0883 -0.1765 0.0400 159.38342 2.781765 2.7818 -0.0727 -0.1086 -0.0344 -0.0317 -0.1147 9.8125089902232E13 0.01999999943436137
1 -0.9332 0.3512 0.0760 -0.3427 -0.9335 0.1058 0.1081 0.0727 0.9915 1.0607 0.7135 9.7327 9.8163 -10.6200 -23.9400 -24.1200 0.0883 -0.1765 0.0400 159.38342 2.781765 2.7818 -0.0727 -0.1086 -0.0344 -0.0317 -0.1147 9.8125089902232E13 0.01999999943436137
0 -0.9379 0.3381 0.0774 -0.3296 -0.9383 0.1047 0.1081 0.0727 0.9915 1.0607 0.7135 9.7327 9.8163 -10.6200 -23.9400 -24.1200 0.0156 -0.0867 0.0492 160.18658 2.7957838 2.7958 -0.0727 -0.1086 -0.0335 -0.0334 -0.1144 9.8125109902232E13 0.01999999943436137
0 -0.9379 0.3381 0.0774 -0.3296 -0.9383 0.1047 0.1081 0.0727 0.9915 1.0607 0.7135 9.7327 9.8163 -10.6200 -23.9400 -24.1200 -0.0864 -0.0018 0.0376 160.18658 2.7957838 2.7958 -0.0727 -0.1086 -0.0327 -0.0335 -0.1161 9.8125129902232E13 0.01999999943436137
0 -0.9379 0.3381 0.0774 -0.3296 -0.9383 0.1047 0.1081 0.0727 0.9915 1.0607 0.7135 9.7327 9.8163 -10.6200 -23.9400 -24.1200 -0.1353 0.0385 0.0126 160.18658 2.7957838 2.7958 -0.0727 -0.1086 -0.0325 -0.0327 -0.1188 9.8125149902232E13 0.01999999943436137
0 -0.9380 0.3376 0.0779 -0.3279 -0.9377 0.1153 0.1120 0.0826 0.9903 1.0942 0.8069 9.6777 9.7727 -10.6200 -23.9400 -24.1200 -0.0962 -0.0086 0.0028 160.1969 2.795963 2.7960 -0.0827 -0.1126 -0.0324 -0.0329 -0.1208 9.8125169902232E13 0.01999999943436137
0 -0.9348 0.3491 0.0651 -0.3442 -0.9359 0.0754 0.0873 0.0480 0.9950 0.8572 0.4717 9.7734 9.8223 -10.6200 -23.9400 -24.1200 -0.0473 -0.0513 0.0236 159.54498 2.784585 2.7846 -0.0480 -0.0875 -0.0319 -0.0339 -0.1217 9.8125189902232E13 0.01999999943436137
1 -0.9348 0.3491 0.0651 -0.3442 -0.9359 0.0754 0.0873 0.0480 0.9950 0.8572 0.4717 9.7734 9.8223 -10.0200 -23.6400 -24.6000 -0.0473 -0.0513 0.0236 159.54498 2.784585 2.7846 -0.0480 -0.0875 -0.0319 -0.0339 -0.1217 9.8125189902232E13 0.01999999943436137
0 -0.9417 0.3298 0.0667 -0.3249 -0.9428 0.0740 0.0873 0.0480 0.9950 0.8572 0.4717 9.7734 9.8223 -10.0200 -23.6400 -24.6000 -0.0100 -0.0898 0.0462 160.72229 2.8051326 2.8051 -0.0480 -0.0875 0.0009 -0.0018 -0.0002 9.8125209902232E13 0.01999999943436137
0 -0.9417 0.3298 0.0667 -0.3249 -0.9428 0.0740 0.0873 0.0480 0.9950 0.8572 0.4717 9.7734 9.8223 -10.0200 -23.6400 -24.6000 0.0596 -0.1191 0.0425 160.72229 2.8051326 2.8051 -0.0480 -0.0875 0.0018 -0.0042 0.0010 9.8125229902232E13 0.01999999943436137
0 -0.9417 0.3298 0.0667 -0.3249 -0.9428 0.0740 0.0873 0.0480 0.9950 0.8572 0.4717 9.7734 9.8223 -10.0200 -23.6400 -24.6000 0.1586 -0.1197 0.0266 160.72229 2.8051326 2.8051 -0.0480 -0.0875 0.0023 -0.0066 0.0042 9.8125249902665E13 0.020000432434349125
0 -0.9419 0.3290 0.0675 -0.3232 -0.9426 0.0834 0.0911 0.0567 0.9942 0.9074 0.5650 9.9027 9.9603 -10.0200 -23.6400 -24.6000 0.1860 -0.1326 0.0010 160.76233 2.8058314 2.8058 -0.0568 -0.0914 0.0023 -0.0092 0.0079 9.8125269902665E13 0.01999999943436137
0 -0.9451 0.3166 0.0807 -0.3061 -0.9444 0.1202 0.1143 0.0889 0.9895 1.0798 0.8404 9.3496 9.4492 -10.0200 -23.6400 -24.6000 0.1451 -0.1576 -0.0082 161.46509 2.8180978 2.8181 -0.0891 -0.1150 0.0022 -0.0124 0.0108 9.8125289902665E13 0.01999999943436137
1 -0.9451 0.3166 0.0807 -0.3061 -0.9444 0.1202 0.1143 0.0889 0.9895 1.0798 0.8404 9.3496 9.4492 -9.8400 -23.4000 -24.5400 0.1451 -0.1576 -0.0082 161.46509 2.8180978 2.8181 -0.0891 -0.1150 0.0022 -0.0124 0.0108 9.8125289902665E13 0.01999999943436137
0 -0.9463 0.3128 0.0812 -0.3023 -0.9456 0.1199 0.1143 0.0889 0.9895 1.0798 0.8404 9.3496 9.4492 -9.8400 -23.4000 -24.5400 0.0901 -0.2297 -0.0094 161.69598 2.822127 2.8221 -0.0891 -0.1150 0.0020 -0.0170 0.0126 9.8125309902665E13 0.01999999943436137
0 -0.9463 0.3128 0.0812 -0.3023 -0.9456 0.1199 0.1143 0.0889 0.9895 1.0798 0.8404 9.3496 9.4492 -9.8400 -23.4000 -24.5400 0.0907 -0.3048 -0.0094 161.69598 2.822127 2.8221 -0.0891 -0.1150 0.0018 -0.0231 0.0144 9.8125329902665E13 0.01999999943436137
0 -0.9463 0.3128 0.0812 -0.3023 -0.9456 0.1199 0.1143 0.0889 0.9895 1.0798 0.8404 9.3496 9.4492 -9.8400 -23.4000 -24.5400 0.1146 -0.4074 0.0315 161.69598 2.822127 2.8221 -0.0891 -0.1150 0.0024 -0.0312 0.0167 9.8125349902231E13 0.019999565434373645
0 -0.9495 0.2988 0.0958 -0.2877 -0.9508 0.1151 0.1254 0.0817 0.9887 1.2163 0.7925 9.5867 9.6960 -9.8400 -23.4000 -24.5400 0.1836 -0.5791 0.1366 162.55145 2.837058 2.8371 -0.0818 -0.1262 0.0051 -0.0428 0.0204 9.8125369902231E13 0.01999999943436137
0 -0.9601 0.2093 0.1854 -0.1744 -0.9665 0.1881 0.2186 0.1483 0.9645 2.2722 1.5419 10.0272 10.3964 -9.8400 -23.4000 -24.5400 0.2606 -0.6121 0.0657 167.77924 2.9283001 2.9283 -0.1489 -0.2228 0.0065 -0.0550 0.0256 9.8125389902664E13 0.020000432434349125
1 -0.9601 0.2093 0.1854 -0.1744 -0.9665 0.1881 0.2186 0.1483 0.9645 2.2722 1.5419 10.0272 10.3964 -10.2000 -23.5200 -23.9400 0.2606 -0.6121 0.0657 167.77924 2.9283001 2.9283 -0.1489 -0.2228 0.0065 -0.0550 0.0256 9.8125389902664E13 0.020000432434349125
0 -0.9561 0.2301 0.1813 -0.1951 -0.9618 0.1921 0.2186 0.1483 0.9645 2.2722 1.5419 10.0272 10.3964 -10.2000 -23.5200 -23.9400 0.3009 -0.6720 -0.0284 166.54303 2.9067247 2.9067 -0.1489 -0.2228 0.0059 -0.0685 0.0316 9.8125409902664E13 0.01999999943436137
0 -0.9561 0.2301 0.1813 -0.1951 -0.9618 0.1921 0.2186 0.1483 0.9645 2.2722 1.5419 10.0272 10.3964 -10.2000 -23.5200 -23.9400 0.2991 -0.7892 -0.0357 166.54303 2.9067247 2.9067 -0.1489 -0.2228 0.0052 -0.0843 0.0376 9.8125429902664E13 0.01999999943436137
0 -0.9561 0.2301 0.1813 -0.1951 -0.9618 0.1921 0.2186 0.1483 0.9645 2.2722 1.5419 10.0272 10.3964 -10.2000 -23.5200 -23.9400 0.2661 -0.8992 0.0419 166.54303 2.9067247 2.9067 -0.1489 -0.2228 0.0060 -0.1022 0.0429 9.8125449902664E13 0.01999999943436137
0 -0.9568 0.2086 0.2027 -0.1675 -0.9649 0.2020 0.2378 0.1593 0.9582 2.3943 1.6042 9.6489 10.0701 -10.2000 -23.5200 -23.9400 0.2435 -0.9591 0.1079 167.80347 2.9287233 2.9287 -0.1600 -0.2432 0.0082 -0.1214 0.0478 9.8125469902664E13 0.01999999943436137
0 -0.9494 0.1137 0.2928 -0.0591 -0.9802 0.1890 0.3085 0.1621 0.9373 3.3664 1.7694 10.2283 10.9125 -10.2000 -23.5200 -23.9400 0.3107 -0.9872 0.0944 173.38324 3.0261085 3.0261 -0.1629 -0.3180 0.0101 -0.1412 0.0540 9.812548990223E13 0.019999565434373645
1 -0.9494 0.1137 0.2928 -0.0591 -0.9802 0.1890 0.3085 0.1621 0.9373 3.3664 1.7694 10.2283 10.9125 -10.9800 -24.0000 -23.6400 0.3107 -0.9872 0.0944 173.38324 3.0261085 3.0261 -0.1629 -0.3180 0.0101 -0.1412 0.0540 9.812548990223E13 0.019999565434373645
0 -0.9463 0.1521 0.2852 -0.0963 -0.9750 0.2004 0.3085 0.1621 0.9373 3.3664 1.7694 10.2283 10.9125 -10.9800 -24.0000 -23.6400 0.4676 -0.9969 0.0419 171.13452 2.9868608 2.9869 -0.1629 -0.3180 0.0109 -0.1611 0.0633 9.812550990223E13 0.01999999943436137
