1 -0.9903 0.1138 0.0796 -0.1191 -0.9907 -0.0654 0.0714 -0.0743 0.9947 1.2498 -1.3001 17.4160 17.5091 -7.2600 -23.5800 -24.0600 -0.3326 1.4093 -0.1585 173.44617 3.027207 3.0272 0.0743 -0.0716 0.1229 -0.1585 -0.2596 9.8677638991756E13 0.020000432434349125
0 -0.9734 0.2123 0.0857 -0.2175 -0.9744 -0.0571 0.0714 -0.0743 0.9947 1.2498 -1.3001 17.4160 17.5091 -7.2600 -23.5800 -24.0600 0.3015 1.6915 -0.1163 167.71039 2.9270985 2.9271 0.0743 -0.0716 0.1206 -0.1246 -0.2535 9.8677658991756E13 0.01999999943436137
0 -0.9734 0.2123 0.0857 -0.2175 -0.9744 -0.0571 0.0714 -0.0743 0.9947 1.2498 -1.3001 17.4160 17.5091 -7.2600 -23.5800 -24.0600 1.0241 1.6481 -0.0473 167.71039 2.9270985 2.9271 0.0743 -0.0716 0.1196 -0.0917 -0.2330 9.8677678991756E13 0.01999999943436137
0 -0.9734 0.2123 0.0857 -0.2175 -0.9744 -0.0571 0.0714 -0.0743 0.9947 1.2498 -1.3001 17.4160 17.5091 -7.2600 -23.5800 -24.0600 1.6521 1.4532 -0.0381 167.71039 2.9270985 2.9271 0.0743 -0.0716 0.1189 -0.0626 -0.2000 9.8677698991756E13 0.01999999943436137
0 -0.9734 0.2123 0.0857 -0.2175 -0.9744 -0.0571 0.0714 -0.0743 0.9947 1.2498 -1.3001 17.4160 17.5091 -7.2600 -23.5800 -24.0600 2.0449 1.2113 -0.1047 167.71039 2.9270985 2.9271 0.0743 -0.0716 0.1168 -0.0384 -0.1591 9.8677718991756E13 0.01999999943436137
0 -0.9725 0.2194 0.0784 -0.2233 -0.9737 -0.0451 0.0665 -0.0614 0.9959 0.9960 -0.9194 14.9235 14.9849 -7.2600 -23.5800 -24.0600 2.1567 1.1668 -0.1212 167.30206 2.9199717 2.9200 0.0614 -0.0666 0.1143 -0.0151 -0.1160 9.8677738991322E13 0.019999565434373645
0 -0.9667 0.2522 0.0445 -0.2521 -0.9677 0.0081 0.0451 -0.0034 0.9990 0.3783 -0.0287 8.3776 8.3862 -7.2600 -23.5800 -24.0600 -0.0174 -0.0336 0.1543 165.39221 2.8866386 2.8866 0.0034 -0.0451 0.3380 -0.0638 -0.1412 9.8679188856297E13 1.449864933995018
0 -0.7982 0.5327 -0.2812 -0.5985 -0.7540 0.2707 -0.0678 0.3844 0.9207 -0.6081 3.4454 8.2531 8.9640 -7.2600 -23.5800 -24.0600 -0.1652 -0.1564 0.1775 144.75949 2.5265296 2.5265 -0.3945 0.0736 0.3416 -0.0669 -0.1445 9.8679208854297E13 0.019997999434417935
1 -0.8046 0.5270 -0.2737 -0.5914 -0.7530 0.2886 -0.0540 0.3941 0.9175 -0.4836 3.5316 8.2219 8.9614 -3.0000 -28.0800 -21.1200 -0.1652 -0.1564 0.1775 145.01343 2.5309618 2.5310 -0.4051 0.0588 0.3416 -0.0669 -0.1445 9.8679208854297E13 0.019997999434417935
0 -0.9651 0.2154 -0.1493 -0.2564 -0.8935 0.3687 -0.0540 0.3941 0.9175 -0.4836 3.5316 8.2219 8.9614 -3.0000 -28.0800 -21.1200 -0.3063 -0.3207 0.1182 166.44678 2.905044 2.9050 -0.4051 0.0588 0.3439 -0.0733 -0.1506 9.8679228852297E13 0.019997999434417935
1 -0.9728 0.1964 -0.1229 -0.2286 -0.9004 0.3702 -0.0380 0.3882 0.9208 -0.3496 3.5723 8.4733 9.2022 -3.4800 -28.5600 -20.8800 -0.3063 -0.3207 0.1182 167.69586 2.9268453 2.9268 -0.3987 0.0412 0.3439 -0.0733 -0.1506 9.8679228852297E13 0.019997999434417935
1 -0.9874 0.1524 -0.0438 -0.1581 -0.9250 0.3454 0.0121 0.3480 0.9374 0.1221 3.5196 9.4813 10.1142 -3.7800 -28.3200 -20.7000 -0.3063 -0.3207 0.1182 170.64697 2.978351 2.9784 -0.3554 -0.0129 0.3439 -0.0733 -0.1506 9.8679228852297E13 0.019997999434417935
0 -0.9846 0.1676 -0.0495 -0.1744 -0.9224 0.3446 0.0121 0.3480 0.9374 0.1221 3.5196 9.4813 10.1142 -3.7800 -28.3200 -20.7000 -0.2678 -0.3390 0.0181 169.69946 2.9618146 2.9618 -0.3554 -0.0129 0.3443 -0.0801 -0.1559 9.867924884963E13 0.0199973324344368
1 -0.9858 0.1624 -0.0421 -0.1669 -0.9233 0.3460 0.0173 0.3481 0.9373 0.1700 3.4262 9.2251 9.8423 -3.9600 -28.5600 -20.6400 -0.2678 -0.3390 0.0181 170.02478 2.9674923 2.9675 -0.3556 -0.0184 0.3443 -0.0801 -0.1559 9.867924884963E13 0.0199973324344368
0 -0.9847 0.1687 -0.0445 -0.1736 -0.9222 0.3457 0.0173 0.3481 0.9373 0.1700 3.4262 9.2251 9.8423 -3.9600 -28.5600 -20.6400 -0.1890 -0.3592 -0.0840 169.63318 2.9606571 2.9607 -0.3556 -0.0184 0.3426 -0.0873 -0.1597 9.867926884713E13 0.019997499434432076
1 -0.9803 0.1853 -0.0684 -0.1974 -0.9307 0.3078 -0.0066 0.3153 0.9490 -0.0646 3.1006 9.3329 9.8347 -4.5000 -28.9200 -20.6400 -0.1890 -0.3592 -0.0840 168.73859 2.9450443 2.9450 -0.3207 0.0069 0.3426 -0.0873 -0.1597 9.867926884713E13 0.019997499434432076
0 -0.9758 0.2054 -0.0750 -0.2185 -0.9265 0.3063 -0.0066 0.3153 0.9490 -0.0646 3.1006 9.3329 9.8347 -4.5000 -28.9200 -20.6400 -0.1951 -0.4154 -0.1609 167.50311 2.9234805 2.9235 -0.3207 0.0069 0.3394 -0.0956 -0.1636 9.867928884473E13 0.019997599434429247
1 -0.9803 0.1903 -0.0529 -0.1975 -0.9432 0.2671 0.0009 0.2723 0.9622 0.0096 2.8324 10.0081 10.4012 -4.5000 -28.4400 -20.4600 -0.1951 -0.4154 -0.1609 168.59283 2.9425 2.9425 -0.2758 -0.0010 0.3394 -0.0956 -0.1636 9.867928884473E13 0.019997599434429247
0 -0.9796 0.1938 -0.0539 -0.2011 -0.9425 0.2669 0.0009 0.2723 0.9622 0.0096 2.8324 10.0081 10.4012 -4.5000 -28.4400 -20.4600 -0.2055 -0.3494 -0.1597 168.38214 2.9388223 2.9388 -0.2758 -0.0010 0.3362 -0.1026 -0.1677 9.8679308842396E13 0.01999766543442738
1 -0.9811 0.1880 -0.0455 -0.1931 -0.9408 0.2785 0.0096 0.2821 0.9593 0.0982 2.8947 9.8453 10.2625 -4.6800 -28.3800 -20.8800 -0.2055 -0.3494 -0.1597 168.70178 2.9444015 2.9444 -0.2859 -0.0100 0.3362 -0.1026 -0.1677 9.8679308842396E13 0.01999766543442738
0 -0.9792 0.1969 -0.0481 -0.2025 -0.9390 0.2781 0.0096 0.2821 0.9593 0.0982 2.8947 9.8453 10.2625 -4.6800 -28.3800 -20.8800 -0.1408 -0.1258 -0.1084 168.15753 2.9349022 2.9349 -0.2859 -0.0100 0.3340 -0.1051 -0.1706 9.8679328839824E13 0.019997427434434112
1 -0.9766 0.2063 -0.0615 -0.2152 -0.9297 0.2988 0.0045 0.3051 0.9523 0.0431 2.9521 9.2156 9.6770 -4.4400 -27.8400 -21.0600 -0.1408 -0.1258 -0.1084 167.48901 2.9232347 2.9232 -0.3100 -0.0047 0.3340 -0.1051 -0.1706 9.8679328839824E13 0.019997427434434112
0 -0.9777 0.2012 -0.0599 -0.2099 -0.9308 0.2992 0.0045 0.3051 0.9523 0.0431 2.9521 9.2156 9.6770 -4.4400 -27.8400 -21.0600 -0.0846 0.0128 -0.1090 167.80103 2.928681 2.9287 -0.3100 -0.0047 0.3319 -0.1048 -0.1722 9.8679348837324E13 0.019997499434432076
1 -0.9685 0.2288 -0.0982 -0.2481 -0.9191 0.3061 -0.0203 0.3208 0.9469 -0.1868 2.9569 8.7271 9.2164 -4.4400 -27.2400 -21.1800 -0.0846 0.0128 -0.1090 166.02228 2.8976357 2.8976 -0.3266 0.0214 0.3319 -0.1048 -0.1722 9.8679348837324E13 0.019997499434432076
0 -0.9666 0.2357 -0.1006 -0.2555 -0.9173 0.3053 -0.0203 0.3208 0.9469 -0.1868 2.9569 8.7271 9.2164 -4.4400 -27.2400 -21.1800 -0.1481 0.0776 -0.1279 165.58783 2.8900523 2.8901 -0.3266 0.0214 0.3293 -0.1033 -0.1752 9.8679368834879E13 0.01999755443443052
1 -0.9616 0.2481 -0.1175 -0.2726 -0.9142 0.2999 -0.0330 0.3204 0.9467 -0.2993 2.9019 8.5739 9.0566 -4.6800 -27.4800 -21.4200 -0.1481 0.0776 -0.1279 164.81506 2.8765652 2.8766 -0.3262 0.0349 0.3293 -0.1033 -0.1752 9.8679368834879E13 0.01999755443443052
0 -0.9588 0.2572 -0.1205 -0.2822 -0.9117 0.2987 -0.0330 0.3204 0.9467 -0.2993 2.9019 8.5739 9.0566 -4.6800 -27.4800 -21.4200 -0.2593 0.0421 -0.1182 164.24298 2.8665807 2.8666 -0.3262 0.0349 0.3269 -0.1024 -0.1804 9.8679388832279E13 0.019997399434434904
1 -0.9633 0.2467 -0.1060 -0.2670 -0.9212 0.2830 -0.0278 0.3010 0.9532 -0.2538 2.7462 8.6984 9.1252 -4.3200 -27.3000 -21.7200 -0.2593 0.0421 -0.1182 165.0097 2.879963 2.8800 -0.3057 0.0292 0.3269 -0.1024 -0.1804 9.8679388832279E13 0.019997399434434904
0 -0.9668 0.2343 -0.1022 -0.2541 -0.9244 0.2844 -0.0278 0.3010 0.9532 -0.2538 2.7462 8.6984 9.1252 -4.3200 -27.3000 -21.7200 -0.3375 -0.0684 -0.0986 165.77893 2.893388 2.8934 -0.3057 0.0292 0.3249 -0.1038 -0.1873 9.8679409440257E13 0.02060797741716658
1 -0.9697 0.2264 -0.0916 -0.2427 -0.9348 0.2592 -0.0270 0.2736 0.9615 -0.2514 2.5475 8.9522 9.3110 -4.0800 -26.8200 -22.1400 -0.3375 -0.0684 -0.0986 166.38794 2.9040174 2.9040 -0.2771 0.0281 0.3249 -0.1038 -0.1873 9.8679409440257E13 0.02060797741716658
0 -0.9707 0.2224 -0.0906 -0.2386 -0.9358 0.2596 -0.0270 0.2736 0.9615 -0.2514 2.5475 8.9522 9.3110 -4.0800 -26.8200 -22.1400 -0.3552 -0.2517 -0.0351 166.62921 2.9082286 2.9082 -0.2771 0.0281 0.3242 -0.1089 -0.1945 9.867942943784E13 0.019997582434429728
1 -0.9811 0.1877 -0.0466 -0.1931 -0.9370 0.2911 0.0110 0.2946 0.9556 0.1053 2.8276 9.1725 9.5990 -4.2600 -27.1200 -22.5600 -0.3552 -0.2517 -0.0351 168.6712 2.9438682 2.9439 -0.2990 -0.0115 0.3242 -0.1089 -0.1945 9.867942943784E13 0.019997582434429728
0 -0.9797 0.1944 -0.0487 -0.2001 -0.9356 0.2907 0.0110 0.2946 0.9556 0.1053 2.8276 9.1725 9.5990 -4.2600 -27.1200 -22.5600 -0.3094 -0.4203 0.0779 168.2638 2.936757 2.9368 -0.2990 -0.0115 0.3258 -0.1173 -0.2006 9.8679449435455E13 0.019997614434428823
1 -0.9910 0.1300 0.0309 -0.1137 -0.9419 0.3160 0.0701 0.3097 0.9482 0.6752 2.9809 9.1270 9.6251 -3.7200 -26.9400 -22.9200 -0.3094 -0.4203 0.0779 172.14148 3.0044358 3.0044 -0.3149 -0.0738 0.3258 -0.1173 -0.2006 9.8679449435455E13 0.019997614434428823
0 -0.9938 0.1034 0.0397 -0.0858 -0.9452 0.3150 0.0701 0.3097 0.9482 0.6752 2.9809 9.1270 9.6251 -3.7200 -26.9400 -22.9200 -0.2141 -0.6377 0.0816 173.75568 3.0326085 3.0326 -0.3149 -0.0738 0.3274 -0.1300 -0.2049 9.8679469432955E13 0.019997499434432076
1 -0.9925 0.1209 0.0190 -0.1106 -0.9528 0.2828 0.0523 0.2785 0.9590 0.5052 2.6912 9.2658 9.6620 -4.0800 -26.8800 -22.8000 -0.2141 -0.6377 0.0816 172.76965 3.015399 3.0154 -0.2823 -0.0545 0.3274 -0.1300 -0.2049 9.8679469432955E13 0.019997499434432076
0 -0.9902 0.1387 0.0137 -0.1292 -0.9504 0.2831 0.0523 0.2785 0.9590 0.5052 2.6912 9.2658 9.6620 -4.0800 -26.8800 -22.8000 -0.2184 -0.8913 0.0284 171.69824 2.9967 2.9967 -0.2823 -0.0545 0.3280 -0.1478 -0.2093 9.8679489430488E13 0.019997532434431142
1 -0.9918 0.1238 0.0316 -0.1121 -0.9621 0.2485 0.0611 0.2430 0.9681 0.6345 2.5212 10.0464 10.3773 -4.6200 -27.4800 -22.8600 -0.2184 -0.8913 0.0284 172.67041 3.0136669 3.0137 -0.2454 -0.0631 0.3280 -0.1478 -0.2093 9.8679489430488E13 0.019997532434431142
0 -0.9892 0.1445 0.0262 -0.1335 -0.9592 0.2492 0.0611 0.2430 0.9681 0.6345 2.5212 10.0464 10.3773 -4.6200 -27.4800 -22.8600 -0.2171 -0.8546 0.0455 171.43335 2.9920762 2.9921 -0.2454 -0.0631 0.3289 -0.1649 -0.2136 9.867950942805E13 0.019997561434430322
1 -0.9896 0.1406 0.0310 -0.1302 -0.9658 0.2242 0.0615 0.2178 0.9741 0.6512 2.3081 10.3217 10.5967 -4.8000 -27.1800 -22.7400 -0.2171 -0.8546 0.0455 171.71826 2.9970496 2.9970 -0.2196 -0.0630 0.3289 -0.1649 -0.2136 9.867950942805E13 0.019997561434430322
0 -0.9882 0.1505 0.0287 -0.1404 -0.9643 0.2245 0.0615 0.2178 0.9741 0.6512 2.3081 10.3217 10.5967 -4.8000 -27.1800 -22.7400 -0.2239 -0.5687 0.0626 171.12897 2.9867635 2.9868 -0.2196 -0.0630 0.3301 -0.1763 -0.2181 9.8679529425638E13 0.019997587434429587
1 -0.9867 0.1616 0.0151 -0.1521 -0.9531 0.2617 0.0567 0.2559 0.9650 0.5722 2.5834 9.7423 10.0952 -5.4600 -27.1200 -22.8000 -0.2239 -0.5687 0.0626 170.3753 2.9736104 2.9736 -0.2588 -0.0587 0.3301 -0.1763 -0.2181 9.8679529425638E13 0.019997587434429587
0 -0.9814 0.1919 0.0068 -0.1835 -0.9475 0.2620 0.0567 0.2559 0.9650 0.5722 2.5834 9.7423 10.0952 -5.4600 -27.1200 -22.8000 -0.2629 -0.1918 0.1702 168.55011 2.9417543 2.9418 -0.2588 -0.0587 0.3335 -0.1801 -0.2234 9.8679549423138E13 0.019997499434432076
1 -0.9812 0.1928 0.0056 -0.1836 -0.9424 0.2797 0.0592 0.2734 0.9601 0.5603 2.5858 9.0815 9.4591 -5.6400 -27.0600 -22.9200 -0.2629 -0.1918 0.1702 168.43701 2.9397807 2.9398 -0.2769 -0.0616 0.3335 -0.1801 -0.2234 9.8679549423138E13 0.019997499434432076
0 -0.9795 0.2016 0.0030 -0.1927 -0.9405 0.2797 0.0592 0.2734 0.9601 0.5603 2.5858 9.0815 9.4591 -5.6400 -27.0600 -22.9200 -0.3924 -0.0415 0.2294 167.90326 2.9304645 2.9305 -0.2769 -0.0616 0.3381 -0.1810 -0.2312 9.8679569420664E13 0.01999752543443134
1 -0.9778 0.2094 -0.0066 -0.2042 -0.9456 0.2532 0.0468 0.2489 0.9674 0.4645 2.4709 9.6034 9.9271 -6.0600 -27.0000 -22.9800 -0.3924 -0.0415 0.2294 167.51556 2.923698 2.9237 -0.2515 -0.0483 0.3381 -0.1810 -0.2312 9.8679569420664E13 0.01999752543443134
0 -0.9735 0.2284 -0.0117 -0.2239 -0.9412 0.2530 0.0468 0.2489 0.9674 0.4645 2.4709 9.6034 9.9271 -6.0600 -27.0000 -22.9800 -0.6020 -0.2505 0.2795 166.35718 2.9034803 2.9035 -0.2515 -0.0483 0.3437 -0.1860 -0.2432 9.8679589418214E13 0.01999754943443066
1 -0.9779 0.2088 0.0125 -0.1992 -0.9477 0.2494 0.0639 0.2414 0.9683 0.6824 2.5762 10.3337 10.6718 -6.1800 -26.8800 -22.8600 -0.6020 -0.2505 0.2795 167.573 2.9247007 2.9247 -0.2438 -0.0659 0.3437 -0.1860 -0.2432 9.8679589418214E13 0.01999754943443066
0 -0.9765 0.2153 0.0108 -0.2059 -0.9462 0.2495 0.0639 0.2414 0.9683 0.6824 2.5762 10.3337 10.6718 -6.1800 -26.8800 -22.8600 -0.6344 -0.2260 0.3192 167.18042 2.9178493 2.9178 -0.2438 -0.0659 0.3501 -0.1905 -0.2559 9.867960941569E13 0.019997475434432754
1 -0.9776 0.2099 0.0174 -0.1989 -0.9469 0.2528 0.0695 0.2436 0.9674 0.7662 2.6840 10.6569 11.0164 -6.2400 -26.3400 -23.4000 -0.6344 -0.2260 0.3192 167.49805 2.9233925 2.9234 -0.2461 -0.0718 0.3501 -0.1905 -0.2559 9.867960941569E13 0.019997475434432754
0 -0.9759 0.2175 0.0154 -0.2067 -0.9452 0.2529 0.0695 0.2436 0.9674 0.7662 2.6840 10.6569 11.0164 -6.2400 -26.3400 -23.4000 -0.6063 -0.0776 0.2758 167.03833 2.9153683 2.9154 -0.2461 -0.0718 0.3556 -0.1921 -0.2681 9.8679629413144E13 0.019997453434433377
1 -0.9752 0.2210 0.0113 -0.2116 -0.9464 0.2439 0.0646 0.2355 0.9697 0.7159 2.6098 10.7479 11.0834 -6.7800 -25.9800 -24.0000 -0.6063 -0.0776 0.2758 166.85663 2.9121976 2.9122 -0.2377 -0.0665 0.3556 -0.1921 -0.2681 9.8679629413144E13 0.019997453434433377
0 -0.9685 0.2490 0.0040 -0.2405 -0.9394 0.2441 0.0646 0.2355 0.9697 0.7159 2.6098 10.7479 11.0834 -6.7800 -25.9800 -24.0000 -0.5678 0.0672 0.1506 165.15442 2.8824883 2.8825 -0.2377 -0.0665 0.3586 -0.1907 -0.2794 9.8679649410839E13 0.01999769443442656
0 -0.9677 0.2521 0.0004 -0.2456 -0.9431 0.2243 0.0570 0.2169 0.9745 0.6225 2.3703 10.6497 10.9281 -6.7800 -25.9800 -24.0000 -0.5488 0.0055 0.0950 165.03241 2.8803585 2.8804 -0.2186 -0.0584 0.3605 -0.1906 -0.2904 9.8679669408547E13 0.019997707434426193
1 -0.9677 0.2521 0.0004 -0.2456 -0.9431 0.2243 0.0570 0.2169 0.9745 0.6225 2.3703 10.6497 10.9281 -7.0800 -25.3800 -24.4800 -0.5488 0.0055 0.0950 165.03241 2.8803585 2.8804 -0.2186 -0.0584 0.3605 -0.1906 -0.2904 9.8679669408547E13 0.019997707434426193
1 -0.9641 0.2656 0.0034 -0.2600 -0.9461 0.1929 0.0545 0.1851 0.9812 0.6034 2.0495 10.8628 11.0709 -7.1400 -24.3600 -24.6000 -0.5488 0.0055 0.0950 164.31793 2.8678892 2.8679 -0.1862 -0.0555 0.3605 -0.1906 -0.2904 9.8679669408547E13 0.019997707434426193
0 -0.9597 0.2810 0.0003 -0.2757 -0.9417 0.1930 0.0545 0.1851 0.9812 0.6034 2.0495 10.8628 11.0709 -7.1400 -24.3600 -24.6000 -0.4792 -0.2523 0.1237 163.38464 2.8516004 2.8516 -0.1862 -0.0555 0.3630 -0.1956 -0.3000 9.8679689406307E13 0.019997759434424722
0 -0.9597 0.2810 0.0003 -0.2757 -0.9417 0.1930 0.0545 0.1851 0.9812 0.6034 2.0495 10.8628 11.0709 -7.1400 -24.3600 -24.6000 -0.2691 -0.2779 0.0547 163.38464 2.8516004 2.8516 -0.1862 -0.0555 0.3641 -0.2012 -0.3054 9.8679709404114E13 0.019997806434423393
1 -0.9658 0.2579 0.0249 -0.2486 -0.9493 0.1922 0.0732 0.1795 0.9810 0.8452 2.0710 11.3201 11.5390 -7.1400 -23.8200 -25.0200 -0.2691 -0.2779 0.0547 164.80054 2.8763118 2.8763 -0.1805 -0.0745 0.3641 -0.2012 -0.3054 9.8679709404114E13 0.019997806434423393
0 -0.9642 0.2642 0.0237 -0.2549 -0.9476 0.1924 0.0732 0.1795 0.9810 0.8452 2.0710 11.3201 11.5390 -7.1400 -23.8200 -25.0200 -0.0595 0.0953 -0.0491 164.42358 2.8697326 2.8697 -0.1805 -0.0745 0.3631 -0.1993 -0.3065 9.8679729401965E13 0.01999785043442215
1 -0.9686 0.2446 0.0435 -0.2317 -0.9525 0.1977 0.0898 0.1815 0.9793 1.0870 2.1955 11.8493 12.0999 -7.8600 -24.0000 -26.3400 -0.0595 0.0953 -0.0491 165.59637 2.8902016 2.8902 -0.1825 -0.0915 0.3631 -0.1993 -0.3065 9.8679729401965E13 0.01999785043442215
1 -0.9706 0.2256 0.0840 -0.2052 -0.9577 0.2018 0.1260 0.1786 0.9758 1.5084 2.1381 11.6817 11.9711 -7.6800 -24.1800 -26.0400 -0.0595 0.0953 -0.0491 166.74219 2.9101996 2.9102 -0.1796 -0.1284 0.3631 -0.1993 -0.3065 9.8679729401965E13 0.01999785043442215
0 -0.9725 0.2163 0.0860 -0.1957 -0.9599 0.2010 0.1260 0.1786 0.9758 1.5084 2.1381 11.6817 11.9711 -7.6800 -24.1800 -26.0400 0.0584 0.3317 -0.0290 167.30133 2.9199595 2.9200 -0.1796 -0.1284 0.3625 -0.1927 -0.3054 9.8679749399822E13 0.01999785643442198
1 -0.9725 0.2166 0.0856 -0.1901 -0.9505 0.2456 0.1346 0.2226 0.9656 1.6090 2.6600 11.5404 11.9518 -7.2000 -24.6000 -25.0800 0.0584 0.3317 -0.0290 167.1607 2.9175048 2.9175 -0.2244 -0.1385 0.3625 -0.1927 -0.3054 9.8679749399822E13 0.01999785643442198
0 -0.9770 0.1923 0.0919 -0.1652 -0.9558 0.2433 0.1346 0.2226 0.9656 1.6090 2.6600 11.5404 11.9518 -7.2000 -24.6000 -25.0800 0.1665 0.5131 -0.1066 168.62592 2.9430773 2.9431 -0.2244 -0.1385 0.3604 -0.1824 -0.3020 9.8679769397684E13 0.019997861434421838
1 -0.9706 0.2358 0.0474 -0.2214 -0.9530 0.2066 0.0939 0.1900 0.9773 1.0607 2.1477 11.0448 11.3015 -6.4800 -24.8400 -24.9600 0.1665 0.5131 -0.1066 166.10266 2.8990388 2.8990 -0.1912 -0.0957 0.3604 -0.1824 -0.3020 9.8679769397684E13 0.019997861434421838
0 -0.9783 0.1999 0.0551 -0.1848 -0.9612 0.2047 0.0939 0.1900 0.9773 1.0607 2.1477 11.0448 11.3015 -6.4800 -24.8400 -24.9600 0.2936 0.6542 -0.3821 168.25476 2.9366 2.9366 -0.1912 -0.0957 0.3528 -0.1693 -0.2962 9.867978939555E13 0.019997865434421724
1 -0.9565 0.2891 -0.0394 -0.2916 -0.9426 0.1624 0.0098 0.1669 0.9859 0.1006 1.7047 10.0727 10.2164 -5.8800 -24.4800 -25.3200 0.2936 0.6542 -0.3821 162.95056 2.8440235 2.8440 -0.1676 -0.0100 0.3528 -0.1693 -0.2962 9.867978939555E13 0.019997865434421724
0 -0.9627 0.2682 -0.0358 -0.2704 -0.9488 0.1633 0.0098 0.1669 0.9859 0.1006 1.7047 10.0727 10.2164 -5.8800 -24.4800 -25.3200 0.3528 0.9114 -0.4835 164.21289 2.866056 2.8661 -0.1676 -0.0100 0.3431 -0.1511 -0.2891 9.8679809393416E13 0.019997865434421724
1 -0.9427 0.3210 -0.0914 -0.3321 -0.9291 0.1629 -0.0326 0.1839 0.9824 -0.3041 1.7143 9.1557 9.3198 -5.4000 -24.7800 -25.2600 0.3528 0.9114 -0.4835 160.94122 2.808954 2.8090 -0.1850 0.0332 0.3431 -0.1511 -0.2891 9.8679809393416E13 0.019997865434421724
0 -0.9512 0.2960 -0.0870 -0.3068 -0.9373 0.1653 -0.0326 0.1839 0.9824 -0.3041 1.7143 9.1557 9.3198 -5.4000 -24.7800 -25.2600 0.1952 1.0214 -0.3100 162.47498 2.8357232 2.8357 -0.1850 0.0332 0.3369 -0.1307 -0.2852 9.8679829391216E13 0.01999779943442359
1 -0.9415 0.3182 -0.1109 -0.3346 -0.9217 0.1962 -0.0398 0.2219 0.9743 -0.3663 2.0447 8.9785 9.2157 -5.3400 -25.0800 -25.1400 0.1952 1.0214 -0.3100 160.95361 2.8091707 2.8092 -0.2237 0.0408 0.3369 -0.1307 -0.2852 9.8679829391216E13 0.01999779943442359
0 -0.9443 0.3106 -0.1093 -0.3268 -0.9243 0.1972 -0.0398 0.2219 0.9743 -0.3663 2.0447 8.9785 9.2157 -5.3400 -25.0800 -25.1400 0.0468 0.7312 -0.2214 161.4278 2.8174462 2.8174 -0.2237 0.0408 0.3325 -0.1160 -0.2843 9.8679849389082E13 0.019997865434421724
1 -0.9574 0.2790 -0.0750 -0.2885 -0.9364 0.1995 -0.0146 0.2126 0.9770 -0.1437 2.0974 9.6370 9.8636 -5.2200 -24.7200 -25.2000 0.0468 0.7312 -0.2214 163.40863 2.852019 2.8520 -0.2143 0.0149 0.3325 -0.1160 -0.2843 9.8679849389082E13 0.019997865434421724
0 -0.9575 0.2785 -0.0749 -0.2881 -0.9366 0.1995 -0.0146 0.2126 0.9770 -0.1437 2.0974 9.6370 9.8636 -5.2200 -24.7200 -25.2000 0.1066 0.2883 -0.2587 163.43768 2.8525252 2.8525 -0.2143 0.0149 0.3273 -0.1103 -0.2821 9.8679869386948E13 0.019997865434421724
1 -0.9624 0.2648 -0.0604 -0.2715 -0.9448 0.1836 -0.0084 0.1931 0.9811 -0.0862 1.9729 10.0224 10.2151 -4.8000 -24.6600 -25.5600 0.1066 0.2883 -0.2587 164.34265 2.8683207 2.8683 -0.1944 0.0086 0.3273 -0.1103 -0.2821 9.8679869386948E13 0.019997865434421724
0 -0.9672 0.2474 -0.0570 -0.2537 -0.9495 0.1847 -0.0084 0.1931 0.9811 -0.0862 1.9729 10.0224 10.2151 -4.8000 -24.6600 -25.5600 0.3620 0.0495 -0.3424 165.39764 2.886733 2.8867 -0.1944 0.0086 0.3204 -0.1093 -0.2749 9.8679889384748E13 0.01999779943442359
1 -0.9645 0.2557 -0.0655 -0.2628 -0.9536 0.1468 -0.0250 0.1588 0.9870 -0.2586 1.6449 10.2212 10.3559 -4.8000 -24.8400 -25.2600 0.3620 0.0495 -0.3424 164.9909 2.8796349 2.8796 -0.1595 0.0253 0.3204 -0.1093 -0.2749 9.8679889384748E13 0.01999779943442359
0 -0.9653 0.2527 -0.0651 -0.2598 -0.9544 0.1470 -0.0250 0.1588 0.9870 -0.2586 1.6449 10.2212 10.3559 -4.8000 -24.8400 -25.2600 0.7187 0.0525 -0.3240 165.16809 2.8827274 2.8827 -0.1595 0.0253 0.3140 -0.1082 -0.2605 9.8679909382548E13 0.01999779943442359
1 -0.9631 0.2594 -0.0721 -0.2685 -0.9454 0.1848 -0.0202 0.1974 0.9801 -0.1939 1.8939 9.4047 9.5955 -3.9600 -25.4400 -24.7800 0.7187 0.0525 -0.3240 164.65533 2.8737774 2.8738 -0.1987 0.0206 0.3140 -0.1082 -0.2605 9.8679909382548E13 0.01999779943442359
0 -0.9750 0.2132 -0.0630 -0.2214 -0.9569 0.1881 -0.0202 0.1974 0.9801 -0.1939 1.8939 9.4047 9.5955 -3.9600 -25.4400 -24.7800 1.0284 0.1387 -0.2281 167.44135 2.922403 2.9224 -0.1987 0.0206 0.3094 -0.1055 -0.2400 9.8679929380414E13 0.019997865434421724
1 -0.9687 0.2333 -0.0847 -0.2465 -0.9442 0.2183 -0.0290 0.2324 0.9722 -0.2586 2.0687 8.6553 8.9028 -3.4800 -26.1000 -24.6000 1.0284 0.1387 -0.2281 166.12195 2.8993754 2.8994 -0.2345 0.0299 0.3094 -0.1055 -0.2400 9.8679929380414E13 0.019997865434421724
0 -0.9760 0.2034 -0.0778 -0.2159 -0.9511 0.2209 -0.0290 0.2324 0.9722 -0.2586 2.0687 8.6553 8.9028 -3.4800 -26.1000 -24.6000 1.0883 0.1826 -0.2287 167.92633 2.9308672 2.9309 -0.2345 0.0299 0.3048 -0.1018 -0.2182 9.867994937828E13 0.019997865434421724
1 -0.9603 0.2481 -0.1274 -0.2717 -0.9353 0.2268 -0.0629 0.2524 0.9656 -0.5243 2.1046 8.0519 8.3389 -3.5400 -26.8800 -23.9400 1.0883 0.1826 -0.2287 165.143 2.8822894 2.8823 -0.2551 0.0650 0.3048 -0.1018 -0.2182 9.867994937828E13 0.019997865434421724
0 -0.9632 0.2381 -0.1250 -0.2615 -0.9379 0.2281 -0.0629 0.2524 0.9656 -0.5243 2.1046 8.0519 8.3389 -3.5400 -26.8800 -23.9400 0.8439 0.2517 -0.2019 165.75262 2.8929296 2.8929 -0.2551 0.0650 0.3008 -0.0968 -0.2013 9.867996937608E13 0.01999779943442359
1 -0.9531 0.2614 -0.1526 -0.2905 -0.9315 0.2187 -0.0849 0.2528 0.9638 -0.6991 2.0806 7.9322 8.2303 -2.8800 -27.3600 -23.1600 0.8439 0.2517 -0.2019 164.3252 2.8680158 2.8680 -0.2556 0.0879 0.3008 -0.0968 -0.2013 9.867996937608E13 0.01999779943442359
0 -0.9642 0.2229 -0.1435 -0.2511 -0.9415 0.2248 -0.0849 0.2528 0.9638 -0.6991 2.0806 7.9322 8.2303 -2.8800 -27.3600 -23.1600 0.5666 0.4288 -0.1114 166.67828 2.9090848 2.9091 -0.2556 0.0879 -0.0022 0.0086 0.0113 9.8679989373946E13 0.019997865434421724
1 -0.9402 0.2723 -0.2047 -0.3165 -0.9204 0.2294 -0.1260 0.2805 0.9515 -0.9817 2.1860 7.4151 7.7926 -2.3400 -27.0600 -22.8600 0.5666 0.4288 -0.1114 163.52112 2.8539817 2.8540 -0.2843 0.1316 -0.0022 0.0086 0.0113 9.8679989373946E13 0.019997865434421724
0 -0.9475 0.2502 -0.1992 -0.2940 -0.9267 0.2343 -0.1260 0.2805 0.9515 -0.9817 2.1860 7.4151 7.7926 -2.3400 -27.0600 -22.8600 0.5214 0.4032 -0.0241 164.88971 2.8778687 2.8779 -0.2843 0.1316 -0.0027 0.0166 0.0218 9.8680009371846E13 0.019997899434420763
1 -0.9544 0.2365 -0.1822 -0.2827 -0.9121 0.2969 -0.0960 0.3349 0.9374 -0.7542 2.6313 7.3648 7.8570 -2.7600 -27.0000 -22.3200 0.5214 0.4032 -0.0241 165.46552 2.8879175 2.8879 -0.3415 0.1020 -0.0027 0.0166 0.0218 9.8680009371846E13 0.019997899434420763
0 -0.9495 0.2518 -0.1872 -0.2987 -0.9080 0.2938 -0.0960 0.3349 0.9374 -0.7542 2.6313 7.3648 7.8570 -2.7600 -27.0000 -22.3200 0.4218 0.2553 0.1127 164.49951 2.8710585 2.8711 -0.3415 0.1020 -0.0005 0.0217 0.0302 9.8680029369679E13 0.019997832434422658
1 -0.9551 0.2406 -0.1729 -0.2847 -0.9069 0.3106 -0.0821 0.3459 0.9347 -0.6345 2.6720 7.2211 7.7257 -2.4000 -27.7200 -22.0800 0.4218 0.2553 0.1127 165.14185 2.8822691 2.8823 -0.3532 0.0876 -0.0005 0.0217 0.0302 9.8680029369679E13 0.019997832434422658
0 -0.9631 0.2138 -0.1637 -0.2565 -0.9136 0.3155 -0.0821 0.3459 0.9347 -0.6345 2.6720 7.2211 7.7257 -2.4000 -27.7200 -22.0800 0.4243 0.0617 0.1237 166.82886 2.9117124 2.9117 -0.3532 0.0876 0.0020 0.0230 0.0387 9.8680049367445E13 0.019997765434424553
1 -0.9479 0.2447 -0.2041 -0.2993 -0.9034 0.3070 -0.1093 0.3521 0.9296 -0.7781 2.5068 6.6178 7.1193 -2.2800 -28.0800 -21.7800 0.4243 0.0617 0.1237 164.84631 2.8771114 2.8771 -0.3598 0.1170 0.0020 0.0230 0.0387 9.8680049367445E13 0.019997765434424553
0 -0.9519 0.2324 -0.1999 -0.2864 -0.9067 0.3098 -0.1093 0.3521 0.9296 -0.7781 2.5068 6.6178 7.1193 -2.2800 -28.0800 -21.7800 0.4750 -0.0580 0.1311 165.6247 2.8906963 2.8907 -0.3598 0.1170 0.0046 0.0218 0.0482 9.8680069365278E13 0.019997832434422658
1 -0.9439 0.2468 -0.2194 -0.3086 -0.8958 0.3200 -0.1175 0.3697 0.9217 -0.7566 2.3799 5.9330 6.4372 -3.0000 -28.3200 -21.6000 0.4750 -0.0580 0.1311 164.59674 2.872755 2.8728 -0.3787 0.1268 0.0046 0.0218 0.0482 9.8680069365278E13 0.019997832434422658
0 -0.9342 0.2735 -0.2289 -0.3367 -0.8880 0.3133 -0.1175 0.3697 0.9217 -0.7566 2.3799 5.9330 6.4372 -3.0000 -28.3200 -21.6000 0.4707 -0.0654 0.2404 162.88007 2.8427935 2.8428 -0.3787 0.1268 0.0094 0.0205 0.0576 9.8680089363144E13 0.019997865434421724
1 -0.9223 0.2914 -0.2540 -0.3715 -0.8497 0.3742 -0.1067 0.4395 0.8919 -0.5531 2.2770 4.6210 5.1811 -2.8800 -28.3800 -21.7200 0.4707 -0.0654 0.2404 161.06982 2.8111987 2.8112 -0.4550 0.1191 0.0094 0.0205 0.0576 9.8680089363144E13 0.019997865434421724
0 -0.9244 0.2865 -0.2518 -0.3662 -0.8513 0.3757 -0.1067 0.4395 0.8919 -0.5531 2.2770 4.6210 5.1811 -2.8800 -28.3800 -21.7200 0.3326 0.0794 0.3992 161.39795 2.8169255 2.8169 -0.4550 0.1191 0.0174 0.0221 0.0642 9.8680109360944E13 0.01999779943442359
1 -0.9201 0.2927 -0.2604 -0.3893 -0.7576 0.5240 -0.0439 0.5835 0.8109 -0.1724 2.2913 3.1844 3.9269 -3.1200 -28.1400 -21.1800 0.3326 0.0794 0.3992 158.87793 2.7729428 2.7729 -0.6230 0.0541 0.0174 0.0221 0.0642 9.8680109360944E13 0.01999779943442359
0 -0.9149 0.3026 -0.2673 -0.4013 -0.7536 0.5206 -0.0439 0.5835 0.8109 -0.1724 2.2913 3.1844 3.9269 -3.1200 -28.1400 -21.1800 0.0260 0.0049 0.5239 158.12402 2.7597845 2.7598 -0.6230 0.0541 0.0279 0.0222 0.0648 9.8680129358744E13 0.01999779943442359
1 -0.9926 0.1207 -0.0142 -0.1020 -0.7640 0.6371 0.0661 0.6338 0.7707 0.2346 2.2506 2.7367 3.5510 -3.6000 -28.4400 -21.0000 0.0260 0.0049 0.5239 171.02075 2.984875 2.9849 -0.6865 -0.0855 0.0279 0.0222 0.0648 9.8680129358744E13 0.01999779943442359
0 -0.9862 0.1589 -0.0461 -0.1517 -0.7570 0.6356 0.0661 0.6338 0.7707 0.2346 2.2506 2.7367 3.5510 -3.6000 -28.4400 -21.0000 -0.3924 -0.0861 0.5990 168.14655 2.9347107 2.9347 -0.6865 -0.0855 0.0399 0.0205 0.0569 9.868014935661E13 0.019997865434421724
1 -0.9910 0.0288 0.1309 0.0461 -0.8439 0.5345 0.1259 0.5357 0.8350 0.4118 1.7526 2.7319 3.2717 -3.8400 -28.3200 -21.0000 -0.3924 -0.0861 0.5990 178.04834 3.1075299 3.1075 -0.5653 -0.1496 0.0399 0.0205 0.0569 9.868014935661E13 0.019997865434421724
0 -0.9917 0.0450 0.1206 0.0270 -0.8432 0.5369 0.1259 0.5357 0.8350 0.4118 1.7526 2.7319 3.2717 -3.8400 -28.3200 -21.0000 -0.7571 -0.0819 0.5776 176.94244 3.0882282 3.0882 -0.5653 -0.1496 0.0514 0.0188 0.0418 9.8680169354476E13 0.019997865434421724
1 -0.9871 0.1568 -0.0309 -0.1530 -0.8708 0.4672 0.0463 0.4659 0.8836 0.1173 1.1804 2.2386 2.5335 -4.0800 -27.7200 -21.2400 -0.7571 -0.0819 0.5776 169.79327 2.9634511 2.9635 -0.4847 -0.0524 0.0514 0.0188 0.0418 9.8680169354476E13 0.019997865434421724
0 -0.9834 0.1766 -0.0416 -0.1754 -0.8670 0.4664 0.0463 0.4659 0.8836 0.1173 1.1804 2.2386 2.5335 -4.0800 -27.7200 -21.2400 -0.8506 -0.0134 0.5929 168.48694 2.9406514 2.9407 -0.4847 -0.0524 0.0633 0.0186 0.0248 9.8680189352276E13 0.01999779943442359
1 -0.9870 0.1598 -0.0189 -0.1587 -0.9481 0.2755 0.0261 0.2749 0.9611 0.0311 0.3280 1.1469 1.1932 -4.3200 -27.2400 -22.1400 -0.8506 -0.0134 0.5929 170.43561 2.974662 2.9747 -0.2785 -0.0271 0.0633 0.0186 0.0248 9.8680189352276E13 0.01999779943442359
0 -0.9843 0.1751 -0.0234 -0.1747 -0.9454 0.2751 0.0261 0.2749 0.9611 0.0311 0.3280 1.1469 1.1932 -4.3200 -27.2400 -22.1400 -0.9160 -0.0018 0.7120 169.50781 2.9584694 2.9585 -0.2785 -0.0271 0.0775 0.0185 0.0064 9.8680209350142E13 0.019997865434421724
1 -0.9843 0.1751 -0.0234 -0.1747 -0.9454 0.2751 0.0261 0.2749 0.9611 0.1365 0.1508 -0.8093 0.8344 -4.7400 -27.1800 -23.0400 -0.9160 -0.0018 0.7120 169.50781 2.9584694 2.9585 -0.2785 -0.0271 0.0775 0.0185 0.0064 9.8680209350142E13 0.019997865434421724
0 -0.9843 0.1751 -0.0234 -0.1747 -0.9454 0.2751 0.0261 0.2749 0.9611 0.1365 0.1508 -0.8093 0.8344 -4.7400 -27.1800 -23.0400 -1.0864 -0.2938 0.8433 169.50781 2.9584694 2.9585 -0.2785 -0.0271 0.0944 0.0127 -0.0153 9.8680229348042E13 0.019997899434420763
1 0.7660 -0.4882 0.4183 -0.1842 -0.7900 -0.5847 0.6159 0.3708 -0.6951 1.3599 0.8188 -1.5347 2.2080 -5.6400 -25.9200 -23.0400 -1.0864 -0.2938 0.8433 211.7116 -2.588121 -2.5881 -0.3799 -2.4165 0.0944 0.0127 -0.0153 9.8680229348042E13 0.019997899434420763
0 0.7586 -0.5173 0.3962 -0.2126 -0.7713 -0.5999 0.6159 0.3708 -0.6951 1.3599 0.8188 -1.5347 2.2080 -5.6400 -25.9200 -23.0400 -1.8158 -0.9762 1.0180 213.84674 -2.5508556 -2.5509 -0.3799 -2.4165 0.1148 -0.0069 -0.0516 9.8680249345708E13 0.01999766543442738
1 -0.3098 -0.5931 0.7431 0.2099 -0.8050 -0.5550 0.9273 -0.0159 0.3739 2.0902 -0.0359 0.8428 2.2540 -6.8400 -24.4200 -24.4200 -1.8158 -0.9762 1.0180 216.38463 -2.506561 -2.5066 0.0159 -1.1875 0.1148 -0.0069 -0.0516 9.8680249345708E13 0.01999766543442738
0 -0.2993 -0.6315 0.7153 0.2247 -0.7752 -0.5904 0.9273 -0.0159 0.3739 2.0902 -0.0359 0.8428 2.2540 -6.8400 -24.4200 -24.4200 -2.8463 -1.5424 0.7835 219.16563 -2.4580233 -2.4580 0.0159 -1.1875 0.1304 -0.0377 -0.1085 9.8680269343374E13 0.01999766543442738
1 -0.8972 -0.1602 0.4115 0.0301 -0.9519 -0.3049 0.4405 -0.2612 0.8589 2.2410 -1.3288 4.3696 5.0873 -7.5000 -23.4600 -26.2200 -2.8463 -1.5424 0.7835 189.55034 -2.9749079 -2.9749 0.2643 -0.4739 0.1304 -0.0377 -0.1085 9.8680269343374E13 0.01999766543442738
0 -0.8969 -0.1697 0.4084 0.0391 -0.9502 -0.3090 0.4405 -0.2612 0.8589 2.2410 -1.3288 4.3696 5.0873 -7.5000 -23.4600 -26.2200 -3.6728 -2.1997 0.4732 190.12558 -2.964868 -2.9649 0.2643 -0.4739 0.1399 -0.0817 -0.1820 9.8680289341007E13 0.019997632434428314
1 -0.9276 -0.1043 0.3587 0.0065 -0.9646 -0.2636 0.3734 -0.2422 0.8955 4.2307 -2.7438 10.1445 11.3287 -8.8200 -22.5000 -26.8800 -3.6728 -2.1997 0.4732 186.17061 -3.0338953 -3.0339 0.2446 -0.3951 0.1399 -0.0817 -0.1820 9.8680289341007E13 0.019997632434428314
0 -0.9274 -0.0745 0.3666 -0.0221 -0.9674 -0.2524 0.3734 -0.2422 0.8955 4.2307 -2.7438 10.1445 11.3287 -8.8200 -22.5000 -26.8800 -3.7803 -2.8711 0.4505 184.4011 -3.064779 -3.0648 0.2446 -0.3951 0.1489 -0.1391 -0.2576 9.8680309338607E13 0.019997599434429247
1 -0.9298 -0.0677 0.3618 -0.0119 -0.9769 -0.2134 0.3679 -0.2027 0.9075 6.3783 -3.5148 15.7352 17.3388 -11.8200 -20.5200 -27.6600 -3.7803 -2.8711 0.4505 183.96538 -3.0723839 -3.0724 0.2041 -0.3851 0.1489 -0.1391 -0.2576 9.8680309338607E13 0.019997599434429247
0 -0.9249 0.0211 0.3796 -0.0961 -0.9790 -0.1797 0.3679 -0.2027 0.9075 6.3783 -3.5148 15.7352 17.3388 -11.8200 -20.5200 -27.6600 -3.5763 -2.8979 0.3076 178.76782 3.120087 3.1201 0.2041 -0.3851 0.1550 -0.1971 -0.3291 9.8680329336107E13 0.019997499434432076
1 -0.9350 0.0702 0.3475 -0.1294 -0.9801 -0.1502 0.3301 -0.1854 0.9256 7.8245 -4.3959 21.9411 23.7057 -13.5600 -17.7600 -28.2600 -3.5763 -2.8979 0.3076 175.90448 3.0701122 3.0701 0.1865 -0.3426 0.1550 -0.1971 -0.3291 9.8680329336107E13 0.019997499434432076
0 -0.9239 0.1374 0.3570 -0.1933 -0.9730 -0.1260 0.3301 -0.1854 0.9256 7.8245 -4.3959 21.9411 23.7057 -13.5600 -17.7600 -28.2600 -3.3069 -2.6646 -0.0491 171.96448 3.0013463 3.0013 0.1865 -0.3426 0.1541 -0.2504 -0.3952 9.8680349333607E13 0.019997499434432076
1 -0.9263 0.2167 0.3083 -0.2650 -0.9562 -0.1243 0.2678 -0.1968 0.9431 8.4350 -6.1988 29.7010 31.4916 -15.0600 -15.6600 -28.7400 -3.3069 -2.6646 -0.0491 167.23187 2.9187472 2.9187 0.1981 -0.2767 0.1541 -0.2504 -0.3952 9.8680349333607E13 0.019997499434432076
0 -0.9038 0.2878 0.3167 -0.3338 -0.9372 -0.1008 0.2678 -0.1968 0.9431 8.4350 -6.1988 29.7010 31.4916 -15.0600 -15.6600 -28.7400 -2.8982 -2.5803 -0.3533 162.92719 2.8436155 2.8436 0.1981 -0.2767 0.1470 -0.3020 -0.4532 9.8680369331107E13 0.019997499434432076
1 -0.8873 0.3839 0.2558 -0.4127 -0.9083 -0.0682 0.2061 -0.1660 0.9643 7.6521 -6.1629 35.7968 37.1207 -17.4600 -14.2800 -28.9200 -2.8982 -2.5803 -0.3533 157.08972 2.741733 2.7417 0.1668 -0.2106 0.1470 -0.3020 -0.4532 9.8680369331107E13 0.019997499434432076
0 -0.8328 0.4877 0.2620 -0.5138 -0.8571 -0.0377 0.2061 -0.1660 0.9643 7.6521 -6.1629 35.7968 37.1207 -17.4600 -14.2800 -28.9200 -1.9502 -1.8515 -0.3124 150.3606 2.6242876 2.6243 0.1668 -0.2106 0.1407 -0.3390 -0.4922 9.868038932854E13 0.01999743243443397
1 -0.8325 0.4884 0.2614 -0.5097 -0.8602 -0.0159 0.2171 -0.1465 0.9651 7.6186 -5.1405 33.8646 35.0896 -18.3600 -13.3200 -29.0400 -1.9502 -1.8515 -0.3124 150.41138 2.6251736 2.6252 0.1470 -0.2213 0.1407 -0.3390 -0.4922 9.868038932854E13 0.01999743243443397
0 -0.8028 0.5356 0.2619 -0.5553 -0.8317 -0.0013 0.2171 -0.1465 0.9651 7.6186 -5.1405 33.8646 35.0896 -18.3600 -13.3200 -29.0400 -0.4273 0.3659 0.1030 147.21896 2.5694556 2.5695 0.1470 -0.2213 0.1428 -0.3317 -0.5007 9.8680409325973E13 0.01999743243443397
1 -0.7865 0.5709 0.2354 -0.5822 -0.8126 0.0255 0.2059 -0.1170 0.9716 6.5100 -3.6992 30.7233 31.6226 -18.0600 -12.9000 -29.2800 -0.4273 0.3659 0.1030 144.90945 2.529147 2.5291 0.1172 -0.2088 0.1428 -0.3317 -0.5007 9.8680409325973E13 0.01999743243443397
0 -0.7880 0.5688 0.2355 -0.5802 -0.8141 0.0249 0.2059 -0.1170 0.9716 6.5100 -3.6992 30.7233 31.6226 -18.0600 -12.9000 -29.2800 0.4518 1.4197 0.2129 145.05847 2.5317478 2.5317 0.1172 -0.2088 0.1471 -0.3033 -0.4917 9.8680429323473E13 0.019997499434432076
0 -0.7858 0.5732 0.2322 -0.5724 -0.8163 0.0779 0.2341 -0.0717 0.9696 5.8253 -1.7837 24.1223 24.8797 -18.0600 -12.9000 -29.2800 0.4518 1.4197 0.2129 144.92151 2.5293577 2.5294 0.0718 -0.2370 0.1514 -0.2744 -0.4825 9.8680449655139E13 0.020331665424981216
0 -0.7729 0.5975 0.2135 -0.5981 -0.7984 0.0691 0.2117 -0.0743 0.9745 4.5802 -1.6066 21.0792 21.6308 -18.0600 -12.9000 -29.2800 0.4518 1.4197 0.2129 143.18927 2.4991243 2.4991 0.0743 -0.2140 0.1557 -0.2455 -0.4733 9.8680469986805E13 0.020331665424981216
0 -0.7822 0.5802 0.2268 -0.5866 -0.8086 0.0455 0.2098 -0.0975 0.9729 3.7518 -1.7430 17.3968 17.8819 -18.0600 -12.9000 -29.2800 0.4518 1.4197 0.2129 144.33646 2.5191464 2.5191 0.0976 -0.2124 0.1601 -0.2167 -0.4641 9.8680490318505E13 0.020331699424980254
0 -0.8092 0.5224 0.2689 -0.5354 -0.8441 0.0286 0.2420 -0.1208 0.9627 3.5723 -1.7837 14.2124 14.7626 -18.0600 -12.9000 -29.2800 0.4518 1.4197 0.2129 148.24734 2.5874045 2.5874 0.1211 -0.2462 0.1644 -0.1878 -0.4549 9.8680510650638E13 0.020332132424968008
1 -0.8476 0.4027 0.3454 -0.4279 -0.9038 0.0038 0.3137 -0.1446 0.9385 3.6321 -1.6736 10.8652 11.5778 -18.0600 -12.7200 -29.2800 0.4518 1.4197 0.2129 155.98248 2.7224076 2.7224 0.1451 -0.3226 0.1644 -0.1878 -0.4549 9.8680510650638E13 0.020332132424968008
0 -0.8460 0.4062 0.3454 -0.4311 -0.9023 0.0051 0.3137 -0.1446 0.9385 3.6321 -1.6736 10.8652 11.5778 -18.0600 -12.7200 -29.2800 3.8531 1.1839 -0.0552 155.76514 2.7186146 2.7186 0.1451 -0.3226 0.1633 -0.1637 -0.3766 9.8680530982338E13 0.020331699424980254
0 -0.8604 0.0558 0.5065 -0.1404 -0.9815 -0.1304 0.4898 -0.1833 0.8523 4.0894 -1.5299 7.1158 8.3486 -18.0600 -12.7200 -29.2800 4.2575 1.3024 -0.1066 176.74683 3.0848143 3.0848 0.1843 -0.5216 0.1611 -0.1373 -0.2900 9.8680551314038E13 0.020331699424980254
0 -0.5471 -0.5900 0.5938 0.1760 -0.7746 -0.6075 0.8183 -0.2278 0.5276 4.0846 -1.1373 2.6337 4.9914 -18.0600 -12.7200 -29.2800 4.5592 1.5901 -0.2837 217.29546 -2.4906642 -2.4907 0.2299 -0.9981 0.1553 -0.1049 -0.1973 9.8680571645738E13 0.020331699424980254
0 0.1346 -0.9365 0.3238 -0.4804 -0.3475 -0.8053 0.8667 -0.0472 -0.4967 3.9146 -0.2131 -2.2434 4.5169 -18.0600 -12.7200 -29.2800 4.5586 2.1301 -0.6117 249.64247 -1.9261022 -1.9261 0.0472 -2.0912 0.1429 -0.0616 -0.1046 9.8680591977438E13 0.020331699424980254
0 0.3676 -0.9142 0.1704 -0.9150 -0.3883 -0.1094 0.1662 -0.1157 -0.9793 0.8907 -0.6201 -5.2483 5.3593 -18.0600 -12.7200 -29.2800 3.9655 2.7550 -1.0565 246.986 -1.9724665 -1.9725 0.1160 -2.9735 0.1214 -0.0056 -0.0240 9.8680612309104E13 0.020331665424981216
1 0.5284 -0.8479 0.0425 -0.8336 -0.5087 0.2152 -0.1609 -0.1491 -0.9757 -0.9170 -0.8500 -5.5619 5.7007 -16.1400 -14.8200 -28.5600 3.9655 2.7550 -1.0565 239.04085 -2.1111355 -2.1111 0.1497 2.9782 0.1214 -0.0056 -0.0240 9.8680612309104E13 0.020331665424981216
0 0.6749 -0.7379 0.0015 -0.7202 -0.6582 0.2193 -0.1609 -0.1491 -0.9757 -0.9170 -0.8500 -5.5619 5.7007 -16.1400 -14.8200 -28.5600 2.7572 3.3952 -1.3808 228.26558 -2.2991993 -2.2992 0.1497 2.9782 0.0933 0.0634 0.0320 9.8680632640737E13 0.02033163242498215
0 0.8317 -0.5174 -0.2016 -0.4730 -0.8503 0.2309 -0.2909 -0.0967 -0.9519 -2.2746 -0.7566 -7.4438 7.8202 -16.1400 -14.8200 -28.5600 1.5006 3.2895 -1.2800 211.31856 -2.5949807 -2.5950 0.0969 2.8450 0.0673 0.1303 0.0625 9.8680652972437E13 0.020331699424980254
0 0.8938 -0.1968 -0.4030 -0.1861 -0.9803 0.0659 -0.4080 0.0161 -0.9128 -2.8564 0.1125 -6.3903 7.0005 -16.1400 -14.8200 -28.5600 0.4903 2.8369 -0.8628 191.3523 -2.9434576 -2.9435 -0.0161 2.7212 0.0498 0.1880 0.0725 9.8680673304137E13 0.020331699424980254
0 0.8932 -0.2408 -0.3798 -0.2331 -0.9702 0.0668 -0.3846 0.0288 -0.9226 -2.0758 0.1556 -4.9801 5.3977 -16.1400 -14.8200 -28.5600 -0.5623 2.1753 -0.3014 193.93748 -2.8983376 -2.8983 -0.0288 2.7467 0.0436 0.2322 0.0611 9.8680693635803E13 0.020331665424981216
0 0.8286 0.1414 -0.5416 0.1274 -0.9898 -0.0634 -0.5451 -0.0165 -0.8382 -1.5850 -0.0479 -2.4374 2.9078 -16.1400 -14.8200 -28.5600 -1.3802 1.4197 0.2203 171.8725 2.9997408 2.9997 0.0165 2.5650 0.0481 0.2611 0.0330 9.8680713967469E13 0.020331665424981216
1 0.8512 0.0742 -0.5196 -0.0098 -0.9875 -0.1572 -0.5247 0.1389 -0.8399 -0.9769 0.2586 -1.5635 1.8616 -12.3000 -19.0200 -26.0400 -1.3802 1.4197 0.2203 175.70074 3.066556 3.0666 -0.1394 2.5831 0.0481 0.2611 0.0330 9.8680713967469E13 0.020331665424981216
0 0.8497 0.1446 -0.5070 0.0510 -0.9797 -0.1939 -0.5247 0.1389 -0.8399 -0.9769 0.2586 -1.5635 1.8616 -12.3000 -19.0200 -26.0400 -1.8396 0.6952 0.5385 171.60297 2.9950366 2.9950 -0.1394 2.5831 0.0591 0.2752 -0.0044 9.8680734299169E13 0.020331699424980254
0 0.8497 0.1446 -0.5070 0.0510 -0.9797 -0.1939 -0.5247 0.1389 -0.8399 -0.9769 0.2586 -1.5635 1.8616 -12.3000 -19.0200 -26.0400 -1.8396 0.1888 0.7419 171.60297 2.9950366 2.9950 -0.1394 2.5831 0.0741 0.2790 -0.0418 9.8680754630969E13 0.020331799424977426
0 0.8067 -0.5889 0.0491 -0.5454 -0.7740 -0.3217 0.2274 0.2327 -0.9456 0.9266 0.9481 -3.8524 4.0741 -12.3000 -19.0200 -26.0400 -1.6264 -0.1405 0.8476 217.26692 -2.491162 -2.4912 -0.2349 -2.9056 0.0914 0.2762 -0.0748 9.8680774962835E13 0.02033186542497556
0 0.6136 -0.7470 0.2558 -0.7079 -0.6640 -0.2409 0.3498 -0.0332 -0.9362 1.2354 -0.1173 -3.3065 3.5317 -12.3000 -19.0200 -26.0400 -1.6832 -0.5999 0.6870 228.36813 -2.2974095 -2.2974 0.0332 -2.7840 0.1053 0.2640 -0.1091 9.8680795294768E13 0.020331932424973664
0 0.1396 -0.8299 0.5402 -0.8116 -0.4085 -0.4178 0.5673 -0.3801 -0.7305 1.9729 -1.3216 -2.5403 3.4774 -12.3000 -19.0200 -26.0400 -2.1004 -1.0116 0.4029 243.79248 -2.0282037 -2.0282 0.3899 -2.4813 0.1135 0.2434 -0.1518 9.8680815626768E13 0.02033199942497177
1 -0.4802 -0.5847 0.6539 -0.3556 -0.5517 -0.7544 0.8019 -0.5948 0.0570 3.1988 -2.3727 0.2275 3.9892 -7.9200 -23.0400 -24.9000 -2.1004 -1.0116 0.4029 226.6626 -2.3271766 -2.3272 0.6370 -1.4998 0.1135 0.2434 -0.1518 9.8680815626768E13 0.02033199942497177
0 -0.4697 -0.5685 0.6754 -0.3693 -0.5684 -0.7352 0.8019 -0.5948 0.0570 3.1988 -2.3727 0.2275 3.9892 -7.9200 -23.0400 -24.9000 -2.7064 -1.3952 0.2111 225.00563 -2.3560963 -2.3561 0.6370 -1.4998 0.1178 0.2151 -0.2068 9.8680835958768E13 0.02033199942497177
0 -0.7197 -0.3804 0.5809 -0.0512 -0.8052 -0.5908 0.6924 -0.4549 0.5600 4.7957 -3.1509 3.8787 6.9261 -7.9200 -23.0400 -24.9000 -4.0051 -2.5308 -0.1286 205.28415 -2.700301 -2.7003 0.4723 -0.8907 0.1152 0.1636 -0.2882 9.8680856290768E13 0.02033199942497177
0 -0.7813 -0.3142 0.5393 -0.1247 -0.7680 -0.6282 0.6115 -0.5580 0.5609 5.0615 -4.6186 4.6425 8.2766 -7.9200 -23.0400 -24.9000 -4.3521 -2.7770 -0.4835 202.24977 -2.7532609 -2.7533 0.5920 -0.8285 0.1054 0.1071 -0.3767 9.8680876622768E13 0.02033199942497177
0 -0.9202 -0.0942 0.3799 -0.1897 -0.7417 -0.6434 0.3423 -0.6641 0.6647 4.2570 -8.2579 8.2650 12.4348 -7.9200 -23.0400 -24.9000 -4.4266 -3.0232 -0.8286 187.23805 -3.0152647 -3.0153 0.7263 -0.4756 0.0885 0.0457 -0.4667 9.8680896954768E13 0.02033199942497177
