0 -0.9158 0.3751 -0.1434 -0.3967 -0.9006 0.1778 -0.0625 0.2197 0.9736 -0.5914 2.0806 9.2180 9.4683 -8.4600 -29.8800 -24.1200 0.0162 -0.0764 0.1494 157.38922 2.7469602 2.7470 -0.2216 0.0641 0.0030 -0.0015 0.0003 9.738992895172E13 0.01999999943436137
0 -0.9158 0.3751 -0.1434 -0.3967 -0.9006 0.1778 -0.0625 0.2197 0.9736 -0.5914 2.0806 9.2180 9.4683 -8.4600 -29.8800 -24.1200 -0.0650 -0.0086 0.1891 157.38922 2.7469602 2.7470 -0.2216 0.0641 0.0068 -0.0017 -0.0010 9.738994895172E13 0.01999999943436137
0 -0.9158 0.3751 -0.1434 -0.3967 -0.9006 0.1778 -0.0625 0.2197 0.9736 -0.5914 2.0806 9.2180 9.4683 -8.4600 -29.8800 -24.1200 -0.1909 0.1497 0.2551 157.38922 2.7469602 2.7470 -0.2216 0.0641 0.0117 0.0012 -0.0047 9.738996845887E13 0.01950714944830012
0 -0.9158 0.3751 -0.1434 -0.3967 -0.9006 0.1778 -0.0625 0.2197 0.9736 -0.5914 2.0806 9.2180 9.4683 -8.4600 -29.8800 -24.1200 -0.3827 0.4148 0.3241 157.38922 2.7469602 2.7470 -0.2216 0.0641 0.0182 0.0095 -0.0124 9.738998845887E13 0.01999999943436137
1 -0.9348 0.3420 -0.0957 -0.3525 -0.9261 0.1345 -0.0427 0.1595 0.9863 -0.4286 1.6018 9.9075 10.0453 -8.2800 -29.6400 -23.8800 -0.3827 0.4148 0.3241 159.73376 2.7878804 2.7879 -0.1601 0.0432 0.0182 0.0095 -0.0124 9.738998845887E13 0.01999999943436137
0 -0.9362 0.3382 -0.0952 -0.3488 -0.9275 0.1349 -0.0427 0.1595 0.9863 -0.4286 1.6018 9.9075 10.0453 -8.2800 -29.6400 -23.8800 -0.9679 0.5589 0.4163 159.96411 2.7919006 2.7919 -0.1601 0.0432 0.0266 0.0207 -0.0317 9.739000845887E13 0.01999999943436137
0 -0.9362 0.3382 -0.0952 -0.3488 -0.9275 0.1349 -0.0427 0.1595 0.9863 -0.4286 1.6018 9.9075 10.0453 -8.2800 -29.6400 -23.8800 -0.9312 0.4942 0.3015 159.96411 2.7919006 2.7919 -0.1601 0.0432 0.0326 0.0306 -0.0503 9.739002845887E13 0.01999999943436137
0 -0.9362 0.3382 -0.0952 -0.3488 -0.9275 0.1349 -0.0427 0.1595 0.9863 -0.4286 1.6018 9.9075 10.0453 -8.2800 -29.6400 -23.8800 -0.6875 0.3464 0.2746 159.96411 2.7919006 2.7919 -0.1601 0.0432 0.0381 0.0375 -0.0641 9.739004845887E13 0.01999999943436137
0 -0.9362 0.3382 -0.0952 -0.3488 -0.9275 0.1349 -0.0427 0.1595 0.9863 -0.4286 1.6018 9.9075 10.0453 -8.2800 -29.6400 -23.8800 -0.5097 0.4410 0.1201 159.96411 2.7919006 2.7919 -0.1601 0.0432 0.0405 0.0463 -0.0743 9.739006845887E13 0.01999999943436137
0 -0.9362 0.3382 -0.0952 -0.3488 -0.9275 0.1349 -0.0427 0.1595 0.9863 -0.4286 1.6018 9.9075 10.0453 -8.2800 -29.6400 -23.8800 -0.4444 0.4276 -0.0394 159.96411 2.7919006 2.7919 -0.1601 0.0432 0.0397 0.0549 -0.0832 9.739008845887E13 0.01999999943436137
1 -0.9013 0.3951 -0.1779 -0.4008 -0.9162 -0.0041 -0.1646 0.0676 0.9840 -1.5275 0.6273 9.1342 9.2822 -7.8600 -29.1000 -24.0600 -0.4444 0.4276 -0.0394 156.67352 2.7344687 2.7345 -0.0676 0.1657 0.0397 0.0549 -0.0832 9.739008845887E13 0.01999999943436137
0 -0.9030 0.3910 -0.1779 -0.3968 -0.9179 -0.0033 -0.1646 0.0676 0.9840 -1.5275 0.6273 9.1342 9.2822 -7.8600 -29.1000 -24.0600 -0.3277 0.2615 -0.0675 156.92865 2.7389216 2.7389 -0.0676 0.1657 0.0383 0.0601 -0.0897 9.739010845887E13 0.01999999943436137
0 -0.9030 0.3910 -0.1779 -0.3968 -0.9179 -0.0033 -0.1646 0.0676 0.9840 -1.5275 0.6273 9.1342 9.2822 -7.8600 -29.1000 -24.0600 -0.3283 0.2230 -0.0381 156.92865 2.7389216 2.7389 -0.0676 0.1657 0.0376 0.0646 -0.0963 9.739012845887E13 0.01999999943436137
0 -0.9030 0.3910 -0.1779 -0.3968 -0.9179 -0.0033 -0.1646 0.0676 0.9840 -1.5275 0.6273 9.1342 9.2822 -7.8600 -29.1000 -24.0600 -0.4242 0.1222 0.0926 156.92865 2.7389216 2.7389 -0.0676 0.1657 0.0394 0.0670 -0.1048 9.739014845887E13 0.01999999943436137
0 -0.9030 0.3910 -0.1779 -0.3968 -0.9179 -0.0033 -0.1646 0.0676 0.9840 -1.5275 0.6273 9.1342 9.2822 -7.8600 -29.1000 -24.0600 -0.5103 -0.0006 0.2484 156.92865 2.7389216 2.7389 -0.0676 0.1657 0.0444 0.0670 -0.1150 9.739016845887E13 0.01999999943436137
0 -0.9030 0.3910 -0.1779 -0.3968 -0.9179 -0.0033 -0.1646 0.0676 0.9840 -1.5275 0.6273 9.1342 9.2822 -7.8600 -29.1000 -24.0600 -0.6160 0.0104 0.3931 156.92865 2.7389216 2.7389 -0.0676 0.1657 0.0523 0.0672 -0.1273 9.739018845887E13 0.01999999943436137
1 -0.9505 0.3051 -0.0585 -0.3095 -0.9464 0.0924 -0.0272 0.1059 0.9940 -0.2993 1.1660 10.9394 11.0055 -6.9000 -28.5600 -25.0200 -0.6160 0.0104 0.3931 162.13025 2.8297071 2.8297 -0.1061 0.0274 0.0523 0.0672 -0.1273 9.739018845887E13 0.01999999943436137
0 -0.9582 0.2807 -0.0561 -0.2849 -0.9539 0.0939 -0.0272 0.1059 0.9940 -0.2993 1.1660 10.9394 11.0055 -6.9000 -28.5600 -25.0200 -0.7333 0.2602 0.4334 163.60547 2.8554544 2.8555 -0.1061 0.0274 0.0609 0.0724 -0.1420 9.739020845887E13 0.01999999943436137
0 -0.9582 0.2807 -0.0561 -0.2849 -0.9539 0.0939 -0.0272 0.1059 0.9940 -0.2993 1.1660 10.9394 11.0055 -6.9000 -28.5600 -25.0200 -0.6093 0.3824 0.1842 163.60547 2.8554544 2.8555 -0.1061 0.0274 0.0646 0.0801 -0.1542 9.7390228459682E13 0.020000811434338406
0 -0.9582 0.2807 -0.0561 -0.2849 -0.9539 0.0939 -0.0272 0.1059 0.9940 -0.2993 1.1660 10.9394 11.0055 -6.9000 -28.5600 -25.0200 -0.1903 0.2608 -0.2556 163.60547 2.8554544 2.8555 -0.1061 0.0274 0.0595 0.0853 -0.1580 9.7390248459682E13 0.01999999943436137
0 -0.9582 0.2807 -0.0561 -0.2849 -0.9539 0.0939 -0.0272 0.1059 0.9940 -0.2993 1.1660 10.9394 11.0055 -6.9000 -28.5600 -25.0200 0.2856 0.0140 -0.6056 163.60547 2.8554544 2.8555 -0.1061 0.0274 0.0474 0.0856 -0.1522 9.7390268459682E13 0.01999999943436137
0 -0.9582 0.2807 -0.0561 -0.2849 -0.9539 0.0939 -0.0272 0.1059 0.9940 -0.2993 1.1660 10.9394 11.0055 -6.9000 -28.5600 -25.0200 0.5929 -0.4746 -0.7309 163.60547 2.8554544 2.8555 -0.1061 0.0274 0.0328 0.0761 -0.1404 9.7390288459682E13 0.01999999943436137
1 -0.9319 0.3387 -0.1296 -0.3436 -0.9390 0.0166 -0.1161 0.0600 0.9914 -1.1109 0.5746 9.4885 9.5706 -6.4200 -27.0600 -25.9200 0.5929 -0.4746 -0.7309 160.16467 2.7954006 2.7954 -0.0601 0.1166 0.0328 0.0761 -0.1404 9.7390288459682E13 0.01999999943436137
0 -0.9297 0.3448 -0.1297 -0.3497 -0.9367 0.0158 -0.1161 0.0600 0.9914 -1.1109 0.5746 9.4885 9.5706 -6.4200 -27.0600 -25.9200 0.6338 -1.1869 -0.6832 159.79077 2.7888746 2.7889 -0.0601 0.1166 0.0191 0.0523 -0.1277 9.7390308459682E13 0.01999999943436137
0 -0.9297 0.3448 -0.1297 -0.3497 -0.9367 0.0158 -0.1161 0.0600 0.9914 -1.1109 0.5746 9.4885 9.5706 -6.4200 -27.0600 -25.9200 0.4933 -1.3219 -0.6276 159.79077 2.7888746 2.7889 -0.0601 0.1166 0.0066 0.0259 -0.1178 9.7390328459682E13 0.01999999943436137
0 -0.9297 0.3448 -0.1297 -0.3497 -0.9367 0.0158 -0.1161 0.0600 0.9914 -1.1109 0.5746 9.4885 9.5706 -6.4200 -27.0600 -25.9200 0.2899 -0.9358 -0.4566 159.79077 2.7888746 2.7889 -0.0601 0.1166 -0.0026 0.0072 -0.1120 9.7390348459682E13 0.01999999943436137
0 -0.9297 0.3448 -0.1297 -0.3497 -0.9367 0.0158 -0.1161 0.0600 0.9914 -1.1109 0.5746 9.4885 9.5706 -6.4200 -27.0600 -25.9200 0.1378 -0.1943 -0.1493 159.79077 2.7888746 2.7889 -0.0601 0.1166 -0.0056 0.0033 -0.1093 9.7390368459682E13 0.01999999943436137
0 -0.9297 0.3448 -0.1297 -0.3497 -0.9367 0.0158 -0.1161 0.0600 0.9914 -1.1109 0.5746 9.4885 9.5706 -6.4200 -27.0600 -25.9200 -0.0461 0.3512 0.2044 159.79077 2.7888746 2.7889 -0.0601 0.1166 -0.0015 0.0103 -0.1102 9.7390388459682E13 0.01999999943436137
1 -0.8688 0.4342 -0.2381 -0.4173 -0.9008 -0.1198 -0.2665 -0.0047 0.9638 -2.5691 -0.0455 9.2922 9.6409 -6.1800 -26.2800 -27.0000 -0.0461 0.3512 0.2044 154.26721 2.6924703 2.6925 0.0047 0.2697 -0.0015 0.0103 -0.1102 9.7390388459682E13 0.01999999943436137
0 -0.8632 0.4460 -0.2365 -0.4287 -0.8950 -0.1229 -0.2665 -0.0047 0.9638 -2.5691 -0.0455 9.2922 9.6409 -6.1800 -26.2800 -27.0000 -0.3210 0.5834 0.4903 153.51477 2.6793377 2.6793 0.0047 0.2697 0.0083 0.0220 -0.1166 9.7390408459682E13 0.01999999943436137
0 -0.8632 0.4460 -0.2365 -0.4287 -0.8950 -0.1229 -0.2665 -0.0047 0.9638 -2.5691 -0.0455 9.2922 9.6409 -6.1800 -26.2800 -27.0000 -0.7828 0.7672 0.7804 153.51477 2.6793377 2.6793 0.0047 0.2697 0.0239 0.0373 -0.1323 9.7390428459682E13 0.01999999943436137
0 -0.8632 0.4460 -0.2365 -0.4287 -0.8950 -0.1229 -0.2665 -0.0047 0.9638 -2.5691 -0.0455 9.2922 9.6409 -6.1800 -26.2800 -27.0000 -1.1884 0.6787 1.2202 153.51477 2.6793377 2.6793 0.0047 0.2697 0.0483 0.0509 -0.1561 9.7390448459682E13 0.01999999943436137
0 -0.8632 0.4460 -0.2365 -0.4287 -0.8950 -0.1229 -0.2665 -0.0047 0.9638 -2.5691 -0.0455 9.2922 9.6409 -6.1800 -26.2800 -27.0000 -0.8732 0.8112 0.8800 153.51477 2.6793377 2.6793 0.0047 0.2697 0.0659 0.0671 -0.1735 9.7390468459682E13 0.01999999943436137
0 -0.8632 0.4460 -0.2365 -0.4287 -0.8950 -0.1229 -0.2665 -0.0047 0.9638 -2.5691 -0.0455 9.2922 9.6409 -6.1800 -26.2800 -27.0000 -0.4578 0.9505 0.7352 153.51477 2.6793377 2.6793 0.0047 0.2697 0.0806 0.0861 -0.1827 9.7390488459682E13 0.01999999943436137
1 -0.8503 0.4610 -0.2541 -0.4627 -0.8847 -0.0569 -0.2510 0.0692 0.9655 -2.3201 0.6393 8.9235 9.2423 -5.5800 -25.4400 -27.4200 -0.4578 0.9505 0.7352 152.47736 2.6612322 2.6612 -0.0692 0.2544 0.0806 0.0861 -0.1827 9.7390488459682E13 0.01999999943436137
0 -0.8505 0.4605 -0.2541 -0.4621 -0.8850 -0.0568 -0.2510 0.0692 0.9655 -2.3201 0.6393 8.9235 9.2423 -5.5800 -25.4400 -27.4200 -0.0626 0.8522 0.8024 152.5122 2.6618402 2.6618 -0.0692 0.2544 0.0967 0.1032 -0.1839 9.7390508459682E13 0.01999999943436137
0 -0.8505 0.4605 -0.2541 -0.4621 -0.8850 -0.0568 -0.2510 0.0692 0.9655 -2.3201 0.6393 8.9235 9.2423 -5.5800 -25.4400 -27.4200 0.1115 0.4594 0.7187 152.5122 2.6618402 2.6618 -0.0692 0.2544 0.1111 0.1124 -0.1817 9.7390528459682E13 0.01999999943436137
0 -0.8505 0.4605 -0.2541 -0.4621 -0.8850 -0.0568 -0.2510 0.0692 0.9655 -2.3201 0.6393 8.9235 9.2423 -5.5800 -25.4400 -27.4200 0.1158 0.0782 0.5599 152.5122 2.6618402 2.6618 -0.0692 0.2544 0.1223 0.1139 -0.1794 9.7390548459682E13 0.01999999943436137
0 -0.8505 0.4605 -0.2541 -0.4621 -0.8850 -0.0568 -0.2510 0.0692 0.9655 -2.3201 0.6393 8.9235 9.2423 -5.5800 -25.4400 -27.4200 0.0944 -0.1674 0.5312 152.5122 2.6618402 2.6618 -0.0692 0.2544 0.1329 0.1106 -0.1775 9.7390568459682E13 0.01999999943436137
0 -0.8505 0.4605 -0.2541 -0.4621 -0.8850 -0.0568 -0.2510 0.0692 0.9655 -2.3201 0.6393 8.9235 9.2423 -5.5800 -25.4400 -27.4200 0.1567 -0.2144 0.5074 152.5122 2.6618402 2.6618 -0.0692 0.2544 0.1430 0.1063 -0.1744 9.7390588459682E13 0.01999999943436137
1 -0.9131 0.3744 -0.1616 -0.3797 -0.9251 0.0018 -0.1488 0.0630 0.9869 -1.4246 0.6034 9.4478 9.5736 -5.4600 -24.6600 -27.9600 0.1567 -0.2144 0.5074 157.96442 2.7569988 2.7570 -0.0631 0.1497 0.1430 0.1063 -0.1744 9.7390588459682E13 0.01999999943436137
0 -0.9089 0.3845 -0.1616 -0.3896 -0.9210 0.0001 -0.1488 0.0630 0.9869 -1.4246 0.6034 9.4478 9.5736 -5.4600 -24.6600 -27.9600 0.2233 -0.1368 0.3687 157.3421 2.7461376 2.7461 -0.0631 0.1497 0.1504 0.1036 -0.1699 9.7390608459682E13 0.01999999943436137
0 -0.9089 0.3845 -0.1616 -0.3896 -0.9210 0.0001 -0.1488 0.0630 0.9869 -1.4246 0.6034 9.4478 9.5736 -5.4600 -24.6600 -27.9600 0.2111 0.0104 0.1616 157.3421 2.7461376 2.7461 -0.0631 0.1497 0.1536 0.1038 -0.1657 9.7390628459682E13 0.01999999943436137
0 -0.9089 0.3845 -0.1616 -0.3896 -0.9210 0.0001 -0.1488 0.0630 0.9869 -1.4246 0.6034 9.4478 9.5736 -5.4600 -24.6600 -27.9600 0.0523 0.0990 0.0345 157.3421 2.7461376 2.7461 -0.0631 0.1497 0.1543 0.1057 -0.1646 9.7390648459682E13 0.01999999943436137
0 -0.9089 0.3845 -0.1616 -0.3896 -0.9210 0.0001 -0.1488 0.0630 0.9869 -1.4246 0.6034 9.4478 9.5736 -5.4600 -24.6600 -27.9600 -0.1169 0.0275 0.0394 157.3421 2.7461376 2.7461 -0.0631 0.1497 0.1551 0.1063 -0.1670 9.7390668459682E13 0.01999999943436137
0 -0.9089 0.3845 -0.1616 -0.3896 -0.9210 0.0001 -0.1488 0.0630 0.9869 -1.4246 0.6034 9.4478 9.5736 -5.4600 -24.6600 -27.9600 -0.1163 -0.0086 0.1005 157.3421 2.7461376 2.7461 -0.0631 0.1497 0.1571 0.1061 -0.1693 9.7390688459682E13 0.01999999943436137
1 -0.9330 0.3401 -0.1178 -0.3470 -0.9369 0.0435 -0.0955 0.0815 0.9921 -1.1421 0.9745 11.8636 11.9582 -5.5800 -24.2400 -28.5000 -0.1163 -0.0086 0.1005 160.04889 2.7933805 2.7934 -0.0816 0.0960 0.1571 0.1061 -0.1693 9.7390688459682E13 0.01999999943436137
0 -0.9282 0.3528 -0.1183 -0.3596 -0.9321 0.0419 -0.0955 0.0815 0.9921 -1.1421 0.9745 11.8636 11.9582 -5.5800 -24.2400 -28.5000 0.0443 -0.0831 0.0828 159.26953 2.779778 2.7798 -0.0816 0.0960 0.1588 0.1045 -0.1684 9.7390708459682E13 0.01999999943436137
0 -0.9282 0.3528 -0.1183 -0.3596 -0.9321 0.0419 -0.0955 0.0815 0.9921 -1.1421 0.9745 11.8636 11.9582 -5.5800 -24.2400 -28.5000 0.1573 -0.0910 0.0242 159.26953 2.779778 2.7798 -0.0816 0.0960 0.1593 0.1026 -0.1653 9.7390728460115E13 0.020000432434349125
0 -0.9282 0.3528 -0.1183 -0.3596 -0.9321 0.0419 -0.0955 0.0815 0.9921 -1.1421 0.9745 11.8636 11.9582 -5.5800 -24.2400 -28.5000 0.2227 0.5241 -0.1512 159.26953 2.779778 2.7798 -0.0816 0.0960 0.1562 0.1131 -0.1608 9.7390748460115E13 0.01999999943436137
0 -0.9282 0.3528 -0.1183 -0.3596 -0.9321 0.0419 -0.0955 0.0815 0.9921 -1.1421 0.9745 11.8636 11.9582 -5.5800 -24.2400 -28.5000 0.2019 1.0470 -0.4322 159.26953 2.779778 2.7798 -0.0816 0.0960 0.1476 0.1341 -0.1568 9.7390768460115E13 0.01999999943436137
0 -0.9282 0.3528 -0.1183 -0.3596 -0.9321 0.0419 -0.0955 0.0815 0.9921 -1.1421 0.9745 11.8636 11.9582 -5.5800 -24.2400 -28.5000 0.1879 1.0299 -0.4938 159.26953 2.779778 2.7798 -0.0816 0.0960 0.1377 0.1547 -0.1530 9.7390788460115E13 0.01999999943436137
1 -0.8872 0.4224 -0.1856 -0.3946 -0.9031 -0.1692 -0.2391 -0.0769 0.9680 -2.8157 -0.9050 11.3991 11.7766 -5.4600 -23.7000 -28.4400 0.1879 1.0299 -0.4938 154.9317 2.704068 2.7041 0.0769 0.2422 0.1377 0.1547 -0.1530 9.7390788460115E13 0.01999999943436137
0 -0.8856 0.4260 -0.1849 -0.3981 -0.9015 -0.1699 -0.2391 -0.0769 0.9680 -2.8157 -0.9050 11.3991 11.7766 -5.4600 -23.7000 -28.4400 0.1329 0.5162 -0.7437 154.7085 2.7001724 2.7002 0.0769 0.2422 0.1229 0.1650 -0.1504 9.7390808460115E13 0.01999999943436137
0 -0.8856 0.4260 -0.1849 -0.3981 -0.9015 -0.1699 -0.2391 -0.0769 0.9680 -2.8157 -0.9050 11.3991 11.7766 -5.4600 -23.7000 -28.4400 0.2288 0.2492 -1.1023 154.7085 2.7001724 2.7002 0.0769 0.2422 0.1008 0.1700 -0.1458 9.7390828459681E13 0.019999565434373645
0 -0.8856 0.4260 -0.1849 -0.3981 -0.9015 -0.1699 -0.2391 -0.0769 0.9680 -2.8157 -0.9050 11.3991 11.7766 -5.4600 -23.7000 -28.4400 0.2954 0.7752 -1.0094 154.7085 2.7001724 2.7002 0.0769 0.2422 0.0806 0.1855 -0.1399 9.7390848459681E13 0.01999999943436137
0 -0.8856 0.4260 -0.1849 -0.3981 -0.9015 -0.1699 -0.2391 -0.0769 0.9680 -2.8157 -0.9050 11.3991 11.7766 -5.4600 -23.7000 -28.4400 -0.0571 0.9878 -0.7681 154.7085 2.7001724 2.7002 0.0769 0.2422 0.0653 0.2052 -0.1410 9.7390868459681E13 0.01999999943436137
0 -0.8856 0.4260 -0.1849 -0.3981 -0.9015 -0.1699 -0.2391 -0.0769 0.9680 -2.8157 -0.9050 11.3991 11.7766 -5.4600 -23.7000 -28.4400 -0.3387 0.7135 -1.0998 154.7085 2.7001724 2.7002 0.0769 0.2422 0.0433 0.2195 -0.1478 9.7390888459681E13 0.01999999943436137
1 -0.7083 0.6032 -0.3667 -0.6137 -0.7829 -0.1023 -0.3487 0.1526 0.9247 -3.0647 1.3408 8.1262 8.7877 -5.0400 -23.5800 -28.9200 -0.3387 0.7135 -1.0998 142.38705 2.485123 2.4851 -0.1532 0.3606 0.0433 0.2195 -0.1478 9.7390888459681E13 0.01999999943436137
0 -0.7096 0.6016 -0.3669 -0.6123 -0.7841 -0.1015 -0.3487 0.1526 0.9247 -3.0647 1.3408 8.1262 8.7877 -5.0400 -23.5800 -28.9200 -0.1261 0.8375 -1.4474 142.50186 2.4871268 2.4871 -0.1532 0.3606 0.0143 0.2362 -0.1503 9.7390908459681E13 0.01999999943436137
0 -0.7096 0.6016 -0.3669 -0.6123 -0.7841 -0.1015 -0.3487 0.1526 0.9247 -3.0647 1.3408 8.1262 8.7877 -5.0400 -23.5800 -28.9200 -0.2483 2.1704 -0.5800 142.50186 2.4871268 2.4871 -0.1532 0.3606 0.0027 0.2797 -0.1553 9.7390928459681E13 0.01999999943436137
0 -0.7096 0.6016 -0.3669 -0.6123 -0.7841 -0.1015 -0.3487 0.1526 0.9247 -3.0647 1.3408 8.1262 8.7877 -5.0400 -23.5800 -28.9200 -0.9471 2.1661 -1.2348 142.50186 2.4871268 2.4871 -0.1532 0.3606 -0.0220 0.3230 -0.1742 9.7390948459681E13 0.01999999943436137
0 -0.7096 0.6016 -0.3669 -0.6123 -0.7841 -0.1015 -0.3487 0.1526 0.9247 -3.0647 1.3408 8.1262 8.7877 -5.0400 -23.5800 -28.9200 -0.9795 1.9065 -1.5690 142.50186 2.4871268 2.4871 -0.1532 0.3606 -0.0534 0.3611 -0.1938 9.7390968459681E13 0.01999999943436137
0 -0.7096 0.6016 -0.3669 -0.6123 -0.7841 -0.1015 -0.3487 0.1526 0.9247 -3.0647 1.3408 8.1262 8.7877 -5.0400 -23.5800 -28.9200 -0.3027 2.5681 -1.0375 142.50186 2.4871268 2.4871 -0.1532 0.3606 -0.0741 0.4125 -0.1999 9.7390988459681E13 0.01999999943436137
1 -0.6426 0.6449 -0.4138 -0.5526 -0.7642 -0.3328 -0.5308 0.0148 0.8474 -4.9657 0.1389 7.9274 9.3553 -3.0600 -24.0000 -28.8000 -0.3027 2.5681 -1.0375 139.83908 2.4406524 2.4407 -0.0148 0.5596 -0.0741 0.4125 -0.1999 9.7390988459681E13 0.01999999943436137
0 -0.6713 0.6029 -0.4311 -0.5173 -0.7977 -0.3100 -0.5308 0.0148 0.8474 -4.9657 0.1389 7.9274 9.3553 -3.0600 -24.0000 -28.8000 0.3675 3.8356 -0.5336 142.91782 2.4943867 2.4944 -0.0148 0.5596 -0.0848 0.4892 -0.1925 9.7391008459681E13 0.01999999943436137
0 -0.6713 0.6029 -0.4311 -0.5173 -0.7977 -0.3100 -0.5308 0.0148 0.8474 -4.9657 0.1389 7.9274 9.3553 -3.0600 -24.0000 -28.8000 0.8036 3.9334 -0.7400 142.91782 2.4943867 2.4944 -0.0148 0.5596 -0.0996 0.5678 -0.1764 9.7391028459681E13 0.01999999943436137
0 -0.6713 0.6029 -0.4311 -0.5173 -0.7977 -0.3100 -0.5308 0.0148 0.8474 -4.9657 0.1389 7.9274 9.3553 -3.0600 -24.0000 -28.8000 1.2734 3.2077 -0.7657 142.91782 2.4943867 2.4944 -0.0148 0.5596 -0.1149 0.6320 -0.1510 9.7391048459681E13 0.01999999943436137
0 -0.6713 0.6029 -0.4311 -0.5173 -0.7977 -0.3100 -0.5308 0.0148 0.8474 -4.9657 0.1389 7.9274 9.3553 -3.0600 -24.0000 -28.8000 1.6900 2.2651 -0.4212 142.91782 2.4943867 2.4944 -0.0148 0.5596 -0.1233 0.6773 -0.1172 9.7391068459681E13 0.01999999943436137
0 -0.6713 0.6029 -0.4311 -0.5173 -0.7977 -0.3100 -0.5308 0.0148 0.8474 -4.9657 0.1389 7.9274 9.3553 -3.0600 -24.0000 -28.8000 2.0553 1.3402 0.0785 142.91782 2.4943867 2.4944 -0.0148 0.5596 -0.1217 0.7041 -0.0761 9.7391088459681E13 0.01999999943436137
1 -0.0514 0.7699 -0.6361 -0.4910 -0.5741 -0.6552 -0.8697 0.2786 0.4075 -6.4789 2.0758 3.0359 7.4500 2.1000 -24.0600 -27.8400 2.0553 1.3402 0.0785 126.713745 2.2115722 2.2116 -0.2824 1.1326 -0.1217 0.7041 -0.0761 9.7391088459681E13 0.01999999943436137
0 -0.0660 0.7525 -0.6553 -0.4892 -0.5968 -0.6360 -0.8697 0.2786 0.4075 -6.4789 2.0758 3.0359 7.4500 2.1000 -24.0600 -27.8400 2.4267 0.0116 0.3406 128.4162 2.2412856 2.2413 -0.2824 1.1326 -0.1149 0.7043 -0.0275 9.7391108459681E13 0.01999999943436137
0 -0.0660 0.7525 -0.6553 -0.4892 -0.5968 -0.6360 -0.8697 0.2786 0.4075 -6.4789 2.0758 3.0359 7.4500 2.1000 -24.0600 -27.8400 2.4469 -1.5168 0.1812 128.4162 2.2412856 2.2413 -0.2824 1.1326 -0.1113 0.6740 0.0214 9.7391128459681E13 0.01999999943436137
0 -0.0660 0.7525 -0.6553 -0.4892 -0.5968 -0.6360 -0.8697 0.2786 0.4075 -6.4789 2.0758 3.0359 7.4500 2.1000 -24.0600 -27.8400 1.7773 -2.0269 -0.1023 128.4162 2.2412856 2.2413 -0.2824 1.1326 -0.1134 0.6335 0.0570 9.7391148459681E13 0.01999999943436137
0 -0.0660 0.7525 -0.6553 -0.4892 -0.5968 -0.6360 -0.8697 0.2786 0.4075 -6.4789 2.0758 3.0359 7.4500 2.1000 -24.0600 -27.8400 0.7706 -1.9761 -0.1450 128.4162 2.2412856 2.2413 -0.2824 1.1326 -0.1163 0.5939 0.0724 9.7391168459681E13 0.01999999943436137
0 -0.0660 0.7525 -0.6553 -0.4892 -0.5968 -0.6360 -0.8697 0.2786 0.4075 -6.4789 2.0758 3.0359 7.4500 2.1000 -24.0600 -27.8400 -0.2764 -2.4300 -0.0656 128.4162 2.2412856 2.2413 -0.2824 1.1326 -0.1176 0.5453 0.0668 9.7391188459681E13 0.01999999943436137
1 -0.8558 0.3577 -0.3737 -0.3623 -0.9301 -0.0604 -0.3691 0.0837 0.9256 -3.9913 0.9050 10.0081 10.8125 7.9200 -25.3200 -25.9800 -0.2764 -2.4300 -0.0656 158.96613 2.7744825 2.7745 -0.0838 0.3795 -0.1176 0.5453 0.0668 9.7391188459681E13 0.01999999943436137
0 -0.9213 0.0979 -0.3763 -0.1221 -0.9917 0.0410 -0.3691 0.0837 0.9256 -3.9913 0.9050 10.0081 10.8125 7.9200 -25.3200 -25.9800 -1.0497 -2.3683 -0.0302 174.36176 3.0431871 3.0432 -0.0838 0.3795 -0.1182 0.4980 0.0458 9.7391208459681E13 0.01999999943436137
0 -0.9213 0.0979 -0.3763 -0.1221 -0.9917 0.0410 -0.3691 0.0837 0.9256 -3.9913 0.9050 10.0081 10.8125 7.9200 -25.3200 -25.9800 -0.9056 -1.2908 0.1909 174.36176 3.0431871 3.0432 -0.0838 0.3795 -0.1144 0.4722 0.0277 9.7391228460114E13 0.020000432434349125
0 -0.9213 0.0979 -0.3763 -0.1221 -0.9917 0.0410 -0.3691 0.0837 0.9256 -3.9913 0.9050 10.0081 10.8125 7.9200 -25.3200 -25.9800 -0.5171 -1.0043 0.2459 174.36176 3.0431871 3.0432 -0.0838 0.3795 -0.1094 0.4521 0.0174 9.7391248460114E13 0.01999999943436137
0 -0.9213 0.0979 -0.3763 -0.1221 -0.9917 0.0410 -0.3691 0.0837 0.9256 -3.9913 0.9050 10.0081 10.8125 7.9200 -25.3200 -25.9800 -0.4444 -0.4502 -0.0394 174.36176 3.0431871 3.0432 -0.0838 0.3795 -0.1102 0.4431 0.0085 9.7391268460114E13 0.01999999943436137
0 -0.9213 0.0979 -0.3763 -0.1221 -0.9917 0.0410 -0.3691 0.0837 0.9256 -3.9913 0.9050 10.0081 10.8125 7.9200 -25.3200 -25.9800 -0.3430 -0.8766 -0.0400 174.36176 3.0431871 3.0432 -0.0838 0.3795 -0.1110 0.4255 0.0016 9.7391288460114E13 0.01999999943436137
1 -0.9008 0.1400 -0.4111 -0.1235 -0.9901 -0.0666 -0.4163 -0.0093 0.9092 -5.8085 -0.1293 12.6849 13.9521 11.5200 -26.5200 -24.7200 -0.3430 -0.8766 -0.0400 171.95154 3.0011208 3.0011 0.0093 0.4294 -0.1110 0.4255 0.0016 9.7391288460114E13 0.01999999943436137
0 -0.9092 -0.0068 -0.4164 0.0100 -0.9999 -0.0056 -0.4163 -0.0093 0.9092 -5.8085 -0.1293 12.6849 13.9521 11.5200 -26.5200 -24.7200 0.1164 -2.4960 0.4988 180.39014 -3.1347835 -3.1348 0.0093 0.4294 -0.1011 0.3756 0.0040 9.7391308460114E13 0.01999999943436137
0 -0.9092 -0.0068 -0.4164 0.0100 -0.9999 -0.0056 -0.4163 -0.0093 0.9092 -5.8085 -0.1293 12.6849 13.9521 11.5200 -26.5200 -24.7200 0.9063 -3.1686 0.9240 180.39014 -3.1347835 -3.1348 0.0093 0.4294 -0.0826 0.3123 0.0221 9.739132845968E13 0.019999565434373645
0 -0.9092 -0.0068 -0.4164 0.0100 -0.9999 -0.0056 -0.4163 -0.0093 0.9092 -5.8085 -0.1293 12.6849 13.9521 11.5200 -26.5200 -24.7200 2.1384 -1.1881 0.8513 180.39014 -3.1347835 -3.1348 0.0093 0.4294 -0.0655 0.2885 0.0649 9.739134845968E13 0.01999999943436137
0 -0.9092 -0.0068 -0.4164 0.0100 -0.9999 -0.0056 -0.4163 -0.0093 0.9092 -5.8085 -0.1293 12.6849 13.9521 11.5200 -26.5200 -24.7200 3.3179 0.3946 0.6534 180.39014 -3.1347835 -3.1348 0.0093 0.4294 -0.0525 0.2964 0.1312 9.739136845968E13 0.01999999943436137
0 -0.9092 -0.0068 -0.4164 0.0100 -0.9999 -0.0056 -0.4163 -0.0093 0.9092 -5.8085 -0.1293 12.6849 13.9521 11.5200 -26.5200 -24.7200 1.4169 -1.2590 0.1995 180.39014 -3.1347835 -3.1348 0.0093 0.4294 -0.0485 0.2712 0.1596 9.739138845968E13 0.01999999943436137
1 -0.9163 -0.0254 -0.3997 -0.1223 -0.9325 0.3397 -0.3814 0.3602 0.8514 -3.2682 3.0862 7.2954 8.5690 12.4800 -27.5400 -24.0000 1.4169 -1.2590 0.1995 181.56241 -3.1143234 -3.1143 -0.3684 0.4212 -0.0485 0.2712 0.1596 9.739138845968E13 0.01999999943436137
0 -0.9227 -0.0917 -0.3745 -0.0568 -0.9284 0.3673 -0.3814 0.3602 0.8514 -3.2682 3.0862 7.2954 8.5690 12.4800 -27.5400 -24.0000 -0.1640 -1.1826 -0.3045 185.64243 -3.0431137 -3.0431 -0.3684 0.4212 -0.0546 0.2475 0.1563 9.739140845968E13 0.01999999943436137
0 -0.9227 -0.0917 -0.3745 -0.0568 -0.9284 0.3673 -0.3814 0.3602 0.8514 -3.2682 3.0862 7.2954 8.5690 12.4800 -27.5400 -24.0000 -1.6123 -1.4233 -0.4572 185.64243 -3.0431137 -3.0431 -0.3684 0.4212 -0.0637 0.2191 0.1240 9.739142845968E13 0.01999999943436137
0 -0.9227 -0.0917 -0.3745 -0.0568 -0.9284 0.3673 -0.3814 0.3602 0.8514 -3.2682 3.0862 7.2954 8.5690 12.4800 -27.5400 -24.0000 -2.4761 -0.8913 -0.5097 185.64243 -3.0431137 -3.0431 -0.3684 0.4212 -0.0739 0.2013 0.0745 9.739144845968E13 0.01999999943436137
0 -0.9227 -0.0917 -0.3745 -0.0568 -0.9284 0.3673 -0.3814 0.3602 0.8514 -3.2682 3.0862 7.2954 8.5690 12.4800 -27.5400 -24.0000 -2.9312 -0.0757 -0.4187 185.64243 -3.0431137 -3.0431 -0.3684 0.4212 -0.0823 0.1997 0.0159 9.739146845968E13 0.01999999943436137
0 -0.9227 -0.0917 -0.3745 -0.0568 -0.9284 0.3673 -0.3814 0.3602 0.8514 -3.2682 3.0862 7.2954 8.5690 12.4800 -27.5400 -24.0000 -2.9892 0.0324 -0.1304 185.64243 -3.0431137 -3.0431 -0.3684 0.4212 -0.0849 0.2004 -0.0439 9.739148845968E13 0.01999999943436137
1 -0.9312 -0.3566 -0.0751 0.3579 -0.9337 -0.0047 -0.0684 -0.0312 0.9972 -0.9026 -0.4118 13.1541 13.1915 10.1400 -29.9400 -22.9200 -2.9892 0.0324 -0.1304 200.90123 -2.7767973 -2.7768 0.0312 0.0685 -0.0849 0.2004 -0.0439 9.739148845968E13 0.01999999943436137
0 -0.9604 -0.2684 -0.0743 0.2700 -0.9628 -0.0116 -0.0684 -0.0312 0.9972 -0.9026 -0.4118 13.1541 13.1915 10.1400 -29.9400 -22.9200 -2.0784 -0.4013 0.0419 195.57649 -2.8697317 -2.8697 0.0312 0.0685 -0.0841 0.1924 -0.0855 9.739150845968E13 0.01999999943436137
0 -0.9604 -0.2684 -0.0743 0.2700 -0.9628 -0.0116 -0.0684 -0.0312 0.9972 -0.9026 -0.4118 13.1541 13.1915 10.1400 -29.9400 -22.9200 -0.3338 -1.1423 -0.1542 195.57649 -2.8697317 -2.8697 0.0312 0.0685 -0.0871 0.1695 -0.0921 9.739152845968E13 0.01999999943436137
0 -0.9604 -0.2684 -0.0743 0.2700 -0.9628 -0.0116 -0.0684 -0.0312 0.9972 -0.9026 -0.4118 13.1541 13.1915 10.1400 -29.9400 -22.9200 1.4719 -1.7214 -0.4963 195.57649 -2.8697317 -2.8697 0.0312 0.0685 -0.0971 0.1351 -0.0627 9.739154845968E13 0.01999999943436137
0 -0.9604 -0.2684 -0.0743 0.2700 -0.9628 -0.0116 -0.0684 -0.0312 0.9972 -0.9026 -0.4118 13.1541 13.1915 10.1400 -29.9400 -22.9200 2.7431 -1.9969 -0.4334 195.57649 -2.8697317 -2.8697 0.0312 0.0685 -0.1057 0.0951 -0.0078 9.739156845968E13 0.01999999943436137
0 -0.9604 -0.2684 -0.0743 0.2700 -0.9628 -0.0116 -0.0684 -0.0312 0.9972 -0.9026 -0.4118 13.1541 13.1915 10.1400 -29.9400 -22.9200 3.1872 -2.0323 -0.1145 195.57649 -2.8697317 -2.8697 0.0312 0.0685 -0.1080 0.0545 0.0559 9.739158845968E13 0.01999999943436137
1 -0.8676 -0.4522 0.2069 0.4972 -0.7961 0.3451 0.0086 0.4022 0.9155 0.0670 3.1221 7.1062 7.7621 6.8400 -29.1600 -24.5400 3.1872 -2.0323 -0.1145 209.59778 -2.625014 -2.6250 -0.4139 -0.0094 -0.1080 0.0545 0.0559 9.739158845968E13 0.01999999943436137
0 -0.9206 -0.3542 0.1643 0.3904 -0.8442 0.3672 0.0086 0.4022 0.9155 0.0670 3.1221 7.1062 7.7621 6.8400 -29.1600 -24.5400 2.9618 -2.0495 0.1824 202.76213 -2.7443185 -2.7443 -0.4139 -0.0094 -0.1044 0.0135 0.1151 9.739160845968E13 0.01999999943436137
0 -0.9206 -0.3542 0.1643 0.3904 -0.8442 0.3672 0.0086 0.4022 0.9155 0.0670 3.1221 7.1062 7.7621 6.8400 -29.1600 -24.5400 2.3601 -1.8063 0.4084 202.76213 -2.7443185 -2.7443 -0.4139 -0.0094 -0.0962 -0.0226 0.1623 9.739162845968E13 0.01999999943436137
0 -0.9206 -0.3542 0.1643 0.3904 -0.8442 0.3672 0.0086 0.4022 0.9155 0.0670 3.1221 7.1062 7.7621 6.8400 -29.1600 -24.5400 1.4353 -1.4532 0.4157 202.76213 -2.7443185 -2.7443 -0.4139 -0.0094 -0.0879 -0.0517 0.1910 9.739164845968E13 0.01999999943436137
0 -0.9206 -0.3542 0.1643 0.3904 -0.8442 0.3672 0.0086 0.4022 0.9155 0.0670 3.1221 7.1062 7.7621 6.8400 -29.1600 -24.5400 0.2374 -1.1851 0.1805 202.76213 -2.7443185 -2.7443 -0.4139 -0.0094 -0.0843 -0.0754 0.1958 9.739166845968E13 0.01999999943436137
0 -0.9206 -0.3542 0.1643 0.3904 -0.8442 0.3672 0.0086 0.4022 0.9155 0.0670 3.1221 7.1062 7.7621 6.8400 -29.1600 -24.5400 -0.8665 -0.8864 0.0798 202.76213 -2.7443185 -2.7443 -0.4139 -0.0094 -0.0827 -0.0931 0.1785 9.739168845968E13 0.01999999943436137
1 -0.9029 -0.3804 0.2003 0.4187 -0.8838 0.2089 0.0976 0.2725 0.9572 0.9409 2.6265 9.2275 9.6401 3.3000 -30.1200 -24.4200 -0.8665 -0.8864 0.0798 203.28711 -2.7351558 -2.7352 -0.2759 -0.1016 -0.0827 -0.0931 0.1785 9.739168845968E13 0.01999999943436137
0 -0.9568 -0.2391 0.1656 0.2740 -0.9320 0.2373 0.0976 0.2725 0.9572 0.9409 2.6265 9.2275 9.6401 3.3000 -30.1200 -24.4200 -1.4218 -0.5846 0.1775 194.38907 -2.890456 -2.8905 -0.2759 -0.1016 -0.0791 -0.1048 0.1500 9.739170845968E13 0.01999999943436137
0 -0.9568 -0.2391 0.1656 0.2740 -0.9320 0.2373 0.0976 0.2725 0.9572 0.9409 2.6265 9.2275 9.6401 3.3000 -30.1200 -24.4200 -1.4132 -0.2908 0.1818 194.38907 -2.890456 -2.8905 -0.2759 -0.1016 -0.0755 -0.1106 0.1218 9.7391728460113E13 0.020000432434349125
0 -0.9568 -0.2391 0.1656 0.2740 -0.9320 0.2373 0.0976 0.2725 0.9572 0.9409 2.6265 9.2275 9.6401 3.3000 -30.1200 -24.4200 -1.1896 -0.1900 0.1121 194.38907 -2.890456 -2.8905 -0.2759 -0.1016 -0.0733 -0.1144 0.0980 9.7391748460113E13 0.01999999943436137
0 -0.9568 -0.2391 0.1656 0.2740 -0.9320 0.2373 0.0976 0.2725 0.9572 0.9409 2.6265 9.2275 9.6401 3.3000 -30.1200 -24.4200 -0.9398 -0.4050 -0.0516 194.38907 -2.890456 -2.8905 -0.2759 -0.1016 -0.0743 -0.1225 0.0792 9.7391768460113E13 0.01999999943436137
0 -0.9568 -0.2391 0.1656 0.2740 -0.9320 0.2373 0.0976 0.2725 0.9572 0.9409 2.6265 9.2275 9.6401 3.3000 -30.1200 -24.4200 -0.8463 -0.6781 -0.3039 194.38907 -2.890456 -2.8905 -0.2759 -0.1016 -0.0804 -0.1361 0.0623 9.7391788460113E13 0.01999999943436137
1 -0.9713 -0.2047 0.1212 0.2150 -0.9733 0.0798 0.1016 0.1035 0.9894 1.2761 1.3001 12.4263 12.5591 0.1800 -30.5400 -23.5200 -0.8463 -0.6781 -0.3039 191.8738 -2.9343557 -2.9344 -0.1037 -0.1023 -0.0804 -0.1361 0.0623 9.7391788460113E13 0.01999999943436137
0 -0.9896 -0.0915 0.1112 0.1020 -0.9904 0.0931 0.1016 0.1035 0.9894 1.2761 1.3001 12.4263 12.5591 0.1800 -30.5400 -23.5200 -1.0424 -0.7685 -0.2794 185.2766 -3.0494988 -3.0495 -0.1037 -0.1023 -0.0860 -0.1514 0.0414 9.7391808460113E13 0.01999999943436137
0 -0.9896 -0.0915 0.1112 0.1020 -0.9904 0.0931 0.1016 0.1035 0.9894 1.2761 1.3001 12.4263 12.5591 0.1800 -30.5400 -23.5200 -1.1359 -0.5095 -0.0003 185.2766 -3.0494988 -3.0495 -0.1037 -0.1023 -0.0860 -0.1616 0.0187 9.7391828459679E13 0.019999565434373645
0 -0.9896 -0.0915 0.1112 0.1020 -0.9904 0.0931 0.1016 0.1035 0.9894 1.2761 1.3001 12.4263 12.5591 0.1800 -30.5400 -23.5200 -0.2226 0.0428 -0.1243 185.2766 -3.0494988 -3.0495 -0.1037 -0.1023 -0.0885 -0.1608 0.0142 9.7391848459679E13 0.01999999943436137
0 -0.9896 -0.0915 0.1112 0.1020 -0.9904 0.0931 0.1016 0.1035 0.9894 1.2761 1.3001 12.4263 12.5591 0.1800 -30.5400 -23.5200 -0.1811 -0.2724 -0.3045 185.2766 -3.0494988 -3.0495 -0.1037 -0.1023 -0.0945 -0.1662 0.0106 9.7391868459679E13 0.01999999943436137
0 -0.9896 -0.0915 0.1112 0.1020 -0.9904 0.0931 0.1016 0.1035 0.9894 1.2761 1.3001 12.4263 12.5591 0.1800 -30.5400 -23.5200 -0.3130 -0.5040 -0.1713 185.2766 -3.0494988 -3.0495 -0.1037 -0.1023 -0.0980 -0.1763 0.0044 9.7391888459679E13 0.01999999943436137
1 -0.9920 -0.0806 0.0971 0.0932 -0.9866 0.1336 0.0850 0.1416 0.9863 0.9673 1.6113 11.2244 11.3806 -2.4000 -29.4000 -24.0000 -0.3130 -0.5040 -0.1713 184.66995 -3.0600865 -3.0601 -0.1421 -0.0860 -0.0980 -0.1763 0.0044 9.7391888459679E13 0.01999999943436137
0 -0.9964 0.0127 0.0840 -0.0007 -0.9898 0.1422 0.0850 0.1416 0.9863 0.9673 1.6113 11.2244 11.3806 -2.4000 -29.4000 -24.0000 -0.2776 -0.1093 0.0718 179.26288 3.1287274 3.1287 -0.1421 -0.0860 -0.0965 -0.1785 -0.0012 9.7391908459679E13 0.01999999943436137
0 -0.9964 0.0127 0.0840 -0.0007 -0.9898 0.1422 0.0850 0.1416 0.9863 0.9673 1.6113 11.2244 11.3806 -2.4000 -29.4000 -24.0000 -0.1139 0.3409 0.1048 179.26288 3.1287274 3.1287 -0.1421 -0.0860 -0.0944 -0.1717 -0.0035 9.7391928459679E13 0.01999999943436137
0 -0.9964 0.0127 0.0840 -0.0007 -0.9898 0.1422 0.0850 0.1416 0.9863 0.9673 1.6113 11.2244 11.3806 -2.4000 -29.4000 -24.0000 0.0126 0.5498 -0.1499 179.26288 3.1287274 3.1287 -0.1421 -0.0860 -0.0974 -0.1607 -0.0032 9.7391948459679E13 0.01999999943436137
0 -0.9964 0.0127 0.0840 -0.0007 -0.9898 0.1422 0.0850 0.1416 0.9863 0.9673 1.6113 11.2244 11.3806 -2.4000 -29.4000 -24.0000 -0.0895 0.3677 -0.5281 179.26288 3.1287274 3.1287 -0.1421 -0.0860 -0.1080 -0.1533 -0.0050 9.7391968459679E13 0.01999999943436137
0 -0.9964 0.0127 0.0840 -0.0007 -0.9898 0.1422 0.0850 0.1416 0.9863 0.9673 1.6113 11.2244 11.3806 -2.4000 -29.4000 -24.0000 -0.3918 -0.1503 -0.5586 179.26288 3.1287274 3.1287 -0.1421 -0.0860 -0.1192 -0.1563 -0.0129 9.7391988459679E13 0.01999999943436137
1 -0.9971 0.0219 0.0729 -0.0143 -0.9946 0.1031 0.0747 0.1017 0.9920 0.9002 1.2259 11.9522 12.0486 -4.8600 -30.5400 -23.3400 -0.3918 -0.1503 -0.5586 178.73718 3.1195529 3.1196 -0.1019 -0.0752 -0.1192 -0.1563 -0.0129 9.7391988459679E13 0.01999999943436137
0 -0.9920 0.1093 0.0635 -0.1020 -0.9888 0.1091 0.0747 0.1017 0.9920 0.9002 1.2259 11.9522 12.0486 -4.8600 -30.5400 -23.3400 -0.3784 -0.5296 -0.1713 173.69061 3.0314732 3.0315 -0.1019 -0.0752 -0.1226 -0.1669 -0.0204 9.7392008459679E13 0.01999999943436137
0 -0.9920 0.1093 0.0635 -0.1020 -0.9888 0.1091 0.0747 0.1017 0.9920 0.9002 1.2259 11.9522 12.0486 -4.8600 -30.5400 -23.3400 0.0987 -0.6066 0.0150 173.69061 3.0314732 3.0315 -0.1019 -0.0752 -0.1223 -0.1791 -0.0184 9.7392028459679E13 0.01999999943436137
0 -0.9920 0.1093 0.0635 -0.1020 -0.9888 0.1091 0.0747 0.1017 0.9920 0.9002 1.2259 11.9522 12.0486 -4.8600 -30.5400 -23.3400 0.7212 -0.3525 -0.1493 173.69061 3.0314732 3.0315 -0.1019 -0.0752 -0.1253 -0.1861 -0.0040 9.7392048459679E13 0.01999999943436137
0 -0.9920 0.1093 0.0635 -0.1020 -0.9888 0.1091 0.0747 0.1017 0.9920 0.9002 1.2259 11.9522 12.0486 -4.8600 -30.5400 -23.3400 1.1329 0.0721 -0.3173 173.69061 3.0314732 3.0315 -0.1019 -0.0752 -0.1316 -0.1847 0.0186 9.7392068459679E13 0.01999999943436137
0 -0.9920 0.1093 0.0635 -0.1020 -0.9888 0.1091 0.0747 0.1017 0.9920 0.9002 1.2259 11.9522 12.0486 -4.8600 -30.5400 -23.3400 1.0235 -0.0153 -0.2813 173.69061 3.0314732 3.0315 -0.1019 -0.0752 -0.1373 -0.1850 0.0391 9.7392088459679E13 0.01999999943436137
1 -0.9920 0.0914 0.0869 -0.0683 -0.9686 0.2391 0.1060 0.2313 0.9671 1.0846 2.3655 9.8907 10.2274 -5.4600 -29.4000 -23.9400 1.0235 -0.0153 -0.2813 174.60681 3.0474634 3.0475 -0.2334 -0.1092 -0.1373 -0.1850 0.0391 9.7392088459679E13 0.01999999943436137
0 -0.9897 0.1185 0.0802 -0.0961 -0.9656 0.2415 0.1060 0.2313 0.9671 1.0846 2.3655 9.8907 10.2274 -5.4600 -29.4000 -23.9400 0.4988 -0.2217 -0.0669 173.00336 3.019478 3.0195 -0.2334 -0.1092 -0.1386 -0.1894 0.0491 9.7392108459679E13 0.01999999943436137
0 -0.9897 0.1185 0.0802 -0.0961 -0.9656 0.2415 0.1060 0.2313 0.9671 1.0846 2.3655 9.8907 10.2274 -5.4600 -29.4000 -23.9400 0.0223 0.1283 0.1384 173.00336 3.019478 3.0195 -0.2334 -0.1092 -0.1358 -0.1868 0.0495 9.7392128459679E13 0.01999999943436137
0 -0.9897 0.1185 0.0802 -0.0961 -0.9656 0.2415 0.1060 0.2313 0.9671 1.0846 2.3655 9.8907 10.2274 -5.4600 -29.4000 -23.9400 -0.2379 0.6035 0.1543 173.00336 3.019478 3.0195 -0.2334 -0.1092 -0.1327 -0.1748 0.0448 9.7392148459679E13 0.01999999943436137
0 -0.9897 0.1185 0.0802 -0.0961 -0.9656 0.2415 0.1060 0.2313 0.9671 1.0846 2.3655 9.8907 10.2274 -5.4600 -29.4000 -23.9400 -0.3155 0.7306 0.1048 173.00336 3.019478 3.0195 -0.2334 -0.1092 -0.1306 -0.1602 0.0385 9.7392168459679E13 0.01999999943436137
0 -0.9897 0.1185 0.0802 -0.0961 -0.9656 0.2415 0.1060 0.2313 0.9671 1.0846 2.3655 9.8907 10.2274 -5.4600 -29.4000 -23.9400 -0.3509 0.5626 0.1738 173.00336 3.019478 3.0195 -0.2334 -0.1092 -0.1272 -0.1489 0.0314 9.7392188459679E13 0.01999999943436137
1 -0.9888 0.1380 0.0560 -0.1247 -0.9727 0.1959 0.0815 0.1868 0.9790 0.8164 1.8699 9.8022 10.0123 -5.5200 -28.9800 -24.4200 -0.3509 0.5626 0.1738 171.92401 3.0006404 3.0006 -0.1879 -0.0831 -0.1272 -0.1489 0.0314 9.7392188459679E13 0.01999999943436137
0 -0.9884 0.1417 0.0553 -0.1284 -0.9721 0.1961 0.0815 0.1868 0.9790 0.8164 1.8699 9.8022 10.0123 -5.5200 -28.9800 -24.4200 -0.2629 0.2627 0.3119 171.70905 2.9968882 2.9969 -0.1879 -0.0831 -0.1209 -0.1437 0.0262 9.7392208459679E13 0.01999999943436137
0 -0.9884 0.1417 0.0553 -0.1284 -0.9721 0.1961 0.0815 0.1868 0.9790 0.8164 1.8699 9.8022 10.0123 -5.5200 -28.9800 -24.4200 -0.1163 -0.0202 0.3834 171.70905 2.9968882 2.9969 -0.1879 -0.0831 -0.1133 -0.1441 0.0239 9.7392228460112E13 0.020000432434349125
0 -0.9884 0.1417 0.0553 -0.1284 -0.9721 0.1961 0.0815 0.1868 0.9790 0.8164 1.8699 9.8022 10.0123 -5.5200 -28.9800 -24.4200 -0.0571 -0.0843 0.2203 171.70905 2.9968882 2.9969 -0.1879 -0.0831 -0.1089 -0.1457 0.0227 9.7392248460112E13 0.01999999943436137
0 -0.9884 0.1417 0.0553 -0.1284 -0.9721 0.1961 0.0815 0.1868 0.9790 0.8164 1.8699 9.8022 10.0123 -5.5200 -28.9800 -24.4200 -0.0882 -0.0617 0.0590 171.70905 2.9968882 2.9969 -0.1879 -0.0831 -0.1077 -0.1470 0.0209 9.7392268460112E13 0.01999999943436137
0 -0.9884 0.1417 0.0553 -0.1284 -0.9721 0.1961 0.0815 0.1868 0.9790 0.8164 1.8699 9.8022 10.0123 -5.5200 -28.9800 -24.4200 -0.1322 0.0006 0.0755 171.70905 2.9968882 2.9969 -0.1879 -0.0831 -0.1062 -0.1470 0.0183 9.7392288460112E13 0.01999999943436137
1 -0.9842 0.1764 0.0132 -0.1717 -0.9707 0.1684 0.0425 0.1635 0.9856 0.3927 1.5108 9.1102 9.2430 -5.7600 -28.8600 -24.5400 -0.1322 0.0006 0.0755 169.70142 2.9618487 2.9618 -0.1642 -0.0431 -0.1062 -0.1470 0.0183 9.7392288460112E13 0.01999999943436137
0 -0.9824 0.1863 0.0114 -0.1818 -0.9688 0.1685 0.0425 0.1635 0.9856 0.3927 1.5108 9.1102 9.2430 -5.7600 -28.8600 -24.5400 -0.3326 0.0898 0.2575 169.11212 2.9515638 2.9516 -0.1642 -0.0431 -0.1010 -0.1452 0.0117 9.7392308460112E13 0.01999999943436137
0 -0.9824 0.1863 0.0114 -0.1818 -0.9688 0.1685 0.0425 0.1635 0.9856 0.3927 1.5108 9.1102 9.2430 -5.7600 -28.8600 -24.5400 -0.4749 0.0140 0.2923 169.11212 2.9515638 2.9516 -0.1642 -0.0431 -0.0952 -0.1449 0.0022 9.7392328459678E13 0.019999565434373645
0 -0.9824 0.1863 0.0114 -0.1818 -0.9688 0.1685 0.0425 0.1635 0.9856 0.3927 1.5108 9.1102 9.2430 -5.7600 -28.8600 -24.5400 -0.5048 -0.1264 0.2606 169.11212 2.9515638 2.9516 -0.1642 -0.0431 -0.0900 -0.1474 -0.0079 9.7392348459678E13 0.01999999943436137
0 -0.9824 0.1863 0.0114 -0.1818 -0.9688 0.1685 0.0425 0.1635 0.9856 0.3927 1.5108 9.1102 9.2430 -5.7600 -28.8600 -24.5400 -0.3851 -0.1973 0.1573 169.11212 2.9515638 2.9516 -0.1642 -0.0431 -0.0868 -0.1514 -0.0156 9.7392368459678E13 0.01999999943436137
0 -0.9824 0.1863 0.0114 -0.1818 -0.9688 0.1685 0.0425 0.1635 0.9856 0.3927 1.5108 9.1102 9.2430 -5.7600 -28.8600 -24.5400 -0.2147 -0.1698 0.0688 169.11212 2.9515638 2.9516 -0.1642 -0.0431 -0.0854 -0.1548 -0.0199 9.7392388459678E13 0.01999999943436137
1 -0.9855 0.1661 0.0359 -0.1638 -0.9847 0.0601 0.0454 0.0533 0.9975 0.4645 0.5459 10.2116 10.2367 -5.7000 -28.3800 -24.4200 -0.2147 -0.1698 0.0688 170.42413 2.9744625 2.9745 -0.0534 -0.0455 -0.0854 -0.1548 -0.0199 9.7392388459678E13 0.01999999943436137
0 -0.9853 0.1670 0.0359 -0.1647 -0.9845 0.0601 0.0454 0.0533 0.9975 0.4645 0.5459 10.2116 10.2367 -5.7000 -28.3800 -24.4200 -0.0418 -0.1588 0.0443 170.37207 2.9735534 2.9736 -0.0534 -0.0455 -0.0845 -0.1579 -0.0208 9.7392408459678E13 0.01999999943436137
0 -0.9853 0.1670 0.0359 -0.1647 -0.9845 0.0601 0.0454 0.0533 0.9975 0.4645 0.5459 10.2116 10.2367 -5.7000 -28.3800 -24.4200 0.1482 -0.2266 0.0895 170.37207 2.9735534 2.9736 -0.0534 -0.0455 -0.0828 -0.1625 -0.0178 9.7392428459678E13 0.01999999943436137
0 -0.9853 0.1670 0.0359 -0.1647 -0.9845 0.0601 0.0454 0.0533 0.9975 0.4645 0.5459 10.2116 10.2367 -5.7000 -28.3800 -24.4200 0.2789 -0.3494 0.1653 170.37207 2.9735534 2.9736 -0.0534 -0.0455 -0.0795 -0.1695 -0.0122 9.7392448459678E13 0.01999999943436137
0 -0.9853 0.1670 0.0359 -0.1647 -0.9845 0.0601 0.0454 0.0533 0.9975 0.4645 0.5459 10.2116 10.2367 -5.7000 -28.3800 -24.4200 0.2514 -0.4056 0.1757 170.37207 2.9735534 2.9736 -0.0534 -0.0455 -0.0759 -0.1776 -0.0072 9.7392468459678E13 0.01999999943436137
0 -0.9853 0.1670 0.0359 -0.1647 -0.9845 0.0601 0.0454 0.0533 0.9975 0.4645 0.5459 10.2116 10.2367 -5.7000 -28.3800 -24.4200 0.1268 -0.2883 0.1225 170.37207 2.9735534 2.9736 -0.0534 -0.0455 -0.0735 -0.1833 -0.0047 9.7392488459678E13 0.01999999943436137
1 -0.9848 0.1708 0.0314 -0.1665 -0.9801 0.1080 0.0492 0.1011 0.9937 0.4836 0.9936 9.7615 9.8238 -5.9400 -28.2600 -24.3600 0.1268 -0.2883 0.1225 170.1164 2.9690914 2.9691 -0.1013 -0.0495 -0.0735 -0.1833 -0.0047 9.7392488459678E13 0.01999999943436137
0 -0.9831 0.1805 0.0303 -0.1763 -0.9784 0.1083 0.0492 0.1011 0.9937 0.4836 0.9936 9.7615 9.8238 -5.9400 -28.2600 -24.3600 0.0504 -0.1271 0.1103 169.54749 2.9591618 2.9592 -0.1013 -0.0495 -0.0713 -0.1859 -0.0037 9.7392508459678E13 0.01999999943436137
0 -0.9831 0.1805 0.0303 -0.1763 -0.9784 0.1083 0.0492 0.1011 0.9937 0.4836 0.9936 9.7615 9.8238 -5.9400 -28.2600 -24.3600 0.0413 -0.1277 0.1634 169.54749 2.9591618 2.9592 -0.1013 -0.0495 -0.0680 -0.1884 -0.0028 9.7392528459678E13 0.01999999943436137
0 -0.9831 0.1805 0.0303 -0.1763 -0.9784 0.1083 0.0492 0.1011 0.9937 0.4836 0.9936 9.7615 9.8238 -5.9400 -28.2600 -24.3600 0.0474 -0.1698 0.2117 169.54749 2.9591618 2.9592 -0.1013 -0.0495 -0.0638 -0.1918 -0.0019 9.7392548459678E13 0.01999999943436137
