0 0 0 0 0 0 0 0 0 0 0 0 0 0 -9.2400 -26.8800 -25.6800 -0.0553 -0.2969 -0.6594 0 0 0 0 0 -0.0132 -0.0059 -0.0011 9.7257021000844E13 0.01999999943436137
0 0 0 0 0 0 0 0 0 0 0 0 0 0 -9.2400 -26.8800 -25.6800 -0.0375 0.2376 -0.8970 0 0 0 0 0 -0.0311 -0.0012 -0.0019 9.7257041000844E13 0.01999999943436137
0 0 0 0 0 0 0 0 0 0 0 0 0 0 -9.2400 -26.8800 -25.6800 -0.1066 1.1515 -1.3656 0 0 0 0 0 -0.0584 0.0218 -0.0040 9.7257061000844E13 0.01999999943436137
0 0 0 0 0 0 0 0 0 0 0 0 0 0 -9.2400 -26.8800 -25.6800 0.1213 1.8289 -1.7657 0 0 0 0 0 -0.0938 0.0584 -0.0016 9.7257081000844E13 0.01999999943436137
0 0 0 0 0 0 0 0 0 0 0 0 0 0 -9.2400 -26.8800 -25.6800 0.2893 1.8980 -1.7168 0 0 0 0 0 -0.1281 0.0964 0.0042 9.7257101000844E13 0.01999999943436137
0 0 0 0 0 0 0 0 0 0 0 0 0 0 -9.2400 -26.8800 -25.6800 -0.1053 1.3647 -1.4077 0 0 0 0 0 -0.1562 0.1237 0.0021 9.7257121000844E13 0.01999999943436137
1 0 0 0 0 0 0 0 0 0 0 0 0 0 -8.5200 -27.4200 -25.2600 -0.1053 1.3647 -1.4077 0 0 0 0 0 -0.1562 0.1237 0.0021 9.7257121000844E13 0.01999999943436137
0 0 0 0 0 0 0 0 0 0 0 0 0 0 -8.5200 -27.4200 -25.2600 -0.3717 0.8357 -1.0558 0 0 0 0 0 -0.1774 0.1404 -0.0053 9.7257141000844E13 0.01999999943436137
0 0 0 0 0 0 0 0 0 0 0 0 0 0 -8.5200 -27.4200 -25.2600 0.1402 -0.1142 -0.7070 0 0 0 0 0 -0.1915 0.1381 -0.0025 9.7257161000844E13 0.01999999943436137
0 0 0 0 0 0 0 0 0 0 0 0 0 0 -8.5200 -27.4200 -25.2600 0.9631 -0.8491 -0.0913 0 0 0 0 0 -0.1933 0.1211 0.0167 9.7257181000844E13 0.01999999943436137
0 0 0 0 0 0 0 0 0 0 0 0 0 0 -8.5200 -27.4200 -25.2600 0.9478 -0.9481 0.2453 0 0 0 0 0 -0.1884 0.1022 0.0357 9.7257201000844E13 0.01999999943436137
0 0 0 0 0 0 0 0 0 0 0 0 0 0 -8.5200 -27.4200 -25.2600 0.4622 -0.4074 0.4341 0 0 0 0 0 -0.1797 0.0940 0.0449 9.7257221000844E13 0.01999999943436137
0 0 0 0 0 0 0 0 0 0 0 0 0 0 -8.5200 -27.4200 -25.2600 0.2111 0.3800 0.5336 0 0 0 0 0 -0.1691 0.1016 0.0492 9.7257241000844E13 0.01999999943436137
0 -0.9734 0.2003 0.1109 -0.1867 -0.9749 0.1216 0.1325 0.0977 0.9864 1.4318 1.0559 10.6593 10.8067 -8.5200 -27.4200 -25.2600 0.1799 0.8570 0.4652 168.38965 2.9389534 2.9390 -0.0979 -0.1335 -0.1598 0.1188 0.0528 9.7257261000844E13 0.01999999943436137
0 -0.7475 0.5606 -0.3564 -0.6118 -0.7900 0.0405 -0.2589 0.2483 0.9335 -1.8173 1.7430 6.5531 7.0203 -8.5200 -27.4200 -25.2600 0.2068 0.5241 0.4921 144.64093 2.5244606 2.5245 -0.2509 0.2705 -0.1499 0.1292 0.0569 9.7257281000844E13 0.01999999943436137
0 -0.7475 0.5606 -0.3564 -0.6118 -0.7900 0.0405 -0.2589 0.2483 0.9335 -1.8173 1.7430 6.5531 7.0203 -8.5200 -27.4200 -25.2600 0.0089 -0.4099 0.6772 144.64093 2.5244606 2.5245 -0.2509 0.2705 -0.1364 0.1210 0.0571 9.7257301000844E13 0.01999999943436137
0 -0.7475 0.5606 -0.3564 -0.6118 -0.7900 0.0405 -0.2589 0.2483 0.9335 -1.8173 1.7430 6.5531 7.0203 -8.5200 -27.4200 -25.2600 -0.1560 -1.0873 0.8342 144.64093 2.5244606 2.5245 -0.2509 0.2705 -0.1197 0.0993 0.0540 9.7257321000844E13 0.01999999943436137
1 -0.7475 0.5606 -0.3564 -0.6118 -0.7900 0.0405 -0.2589 0.2483 0.9335 -1.8173 1.7430 6.5531 7.0203 -5.8200 -28.0200 -24.8400 -0.1560 -1.0873 0.8342 144.64093 2.5244606 2.5245 -0.2509 0.2705 -0.1197 0.0993 0.0540 9.7257321000844E13 0.01999999943436137
0 -0.8054 0.4780 -0.3505 -0.5332 -0.8425 0.0762 -0.2589 0.2483 0.9335 -1.8173 1.7430 6.5531 7.0203 -5.8200 -28.0200 -24.8400 0.0028 -1.4716 0.9337 150.43228 2.6255388 2.6255 -0.2509 0.2705 -0.1010 0.0699 0.0540 9.7257341001608E13 0.020000763434339763
0 -0.8054 0.4780 -0.3505 -0.5332 -0.8425 0.0762 -0.2589 0.2483 0.9335 -1.8173 1.7430 6.5531 7.0203 -5.8200 -28.0200 -24.8400 0.4878 -1.2022 0.9893 150.43228 2.6255388 2.6255 -0.2509 0.2705 -0.0812 0.0458 0.0638 9.7257361001608E13 0.01999999943436137
0 -0.8054 0.4780 -0.3505 -0.5332 -0.8425 0.0762 -0.2589 0.2483 0.9335 -1.8173 1.7430 6.5531 7.0203 -5.8200 -28.0200 -24.8400 0.8592 -0.9022 1.1286 150.43228 2.6255388 2.6255 -0.2509 0.2705 -0.0587 0.0278 0.0810 9.7257381001608E13 0.01999999943436137
0 -0.8054 0.4780 -0.3505 -0.5332 -0.8425 0.0762 -0.2589 0.2483 0.9335 -1.8173 1.7430 6.5531 7.0203 -5.8200 -28.0200 -24.8400 0.6301 -0.9322 1.8659 150.43228 2.6255388 2.6255 -0.2509 0.2705 -0.0213 0.0091 0.0936 9.7257401001608E13 0.01999999943436137
0 -0.8054 0.4780 -0.3505 -0.5332 -0.8425 0.0762 -0.2589 0.2483 0.9335 -1.8173 1.7430 6.5531 7.0203 -5.8200 -28.0200 -24.8400 0.3388 -1.0934 2.7938 150.43228 2.6255388 2.6255 -0.2509 0.2705 0.0345 -0.0127 0.1003 9.7257421001608E13 0.01999999943436137
0 -0.8581 0.4287 -0.2826 -0.4844 -0.8585 0.1683 -0.1705 0.2813 0.9444 -1.4366 2.3703 7.9586 8.4274 -5.8200 -28.0200 -24.8400 0.3748 -1.1570 2.9545 153.4624 2.6784244 2.6784 -0.2851 0.1786 0.0936 -0.0359 0.1078 9.7257441001608E13 0.01999999943436137
0 -0.9606 -0.0438 0.2745 0.1274 -0.9472 0.2944 0.2471 0.3177 0.9154 2.6816 3.4478 9.9338 10.8517 -5.8200 -28.0200 -24.8400 0.5416 -1.3787 2.5226 182.6503 -3.0953362 -3.0953 -0.3233 -0.2637 0.1441 -0.0635 0.1187 9.7257461001608E13 0.01999999943436137
0 -0.9606 -0.0438 0.2745 0.1274 -0.9472 0.2944 0.2471 0.3177 0.9154 2.6816 3.4478 9.9338 10.8517 -5.8200 -28.0200 -24.8400 0.1799 -2.8888 1.5629 182.6503 -3.0953362 -3.0953 -0.3233 -0.2637 0.1753 -0.1212 0.1223 9.7257481002149E13 0.02000054043434607
0 -0.9606 -0.0438 0.2745 0.1274 -0.9472 0.2944 0.2471 0.3177 0.9154 2.6816 3.4478 9.9338 10.8517 -5.8200 -28.0200 -24.8400 -0.3204 -4.1484 2.1060 182.6503 -3.0953362 -3.0953 -0.3233 -0.2637 0.2175 -0.2042 0.1159 9.7257501002149E13 0.01999999943436137
0 -0.9606 -0.0438 0.2745 0.1274 -0.9472 0.2944 0.2471 0.3177 0.9154 2.6816 3.4478 9.9338 10.8517 -5.8200 -28.0200 -24.8400 -0.2697 -4.2418 2.5922 182.6503 -3.0953362 -3.0953 -0.3233 -0.2637 0.2693 -0.2890 0.1105 9.7257521002149E13 0.01999999943436137
1 -0.9606 -0.0438 0.2745 0.1274 -0.9472 0.2944 0.2471 0.3177 0.9154 2.6816 3.4478 9.9338 10.8517 -4.2000 -29.2200 -24.0600 -0.2697 -4.2418 2.5922 182.6503 -3.0953362 -3.0953 -0.3233 -0.2637 0.2693 -0.2890 0.1105 9.7257521002149E13 0.01999999943436137
0 -0.9504 -0.1045 0.2928 0.1887 -0.9424 0.2761 0.2471 0.3177 0.9154 2.6816 3.4478 9.9338 10.8517 -4.2000 -29.2200 -24.0600 0.1280 -3.1264 2.1255 186.3282 -3.0311446 -3.0311 -0.3233 -0.2637 0.3118 -0.3516 0.1130 9.7257541002149E13 0.01999999943436137
0 -0.9504 -0.1045 0.2928 0.1887 -0.9424 0.2761 0.2471 0.3177 0.9154 2.6816 3.4478 9.9338 10.8517 -4.2000 -29.2200 -24.0600 0.7694 -1.6304 1.4847 186.3282 -3.0311446 -3.0311 -0.3233 -0.2637 0.3415 -0.3842 0.1284 9.7257561002149E13 0.01999999943436137
0 -0.9504 -0.1045 0.2928 0.1887 -0.9424 0.2761 0.2471 0.3177 0.9154 2.6816 3.4478 9.9338 10.8517 -4.2000 -29.2200 -24.0600 1.2111 -0.3543 0.8476 186.3282 -3.0311446 -3.0311 -0.3233 -0.2637 0.3585 -0.3913 0.1526 9.7257581002149E13 0.01999999943436137
0 -0.9504 -0.1045 0.2928 0.1887 -0.9424 0.2761 0.2471 0.3177 0.9154 2.6816 3.4478 9.9338 10.8517 -4.2000 -29.2200 -24.0600 1.2996 0.5571 0.2221 186.3282 -3.0311446 -3.0311 -0.3233 -0.2637 0.3629 -0.3801 0.1786 9.7257601002149E13 0.01999999943436137
0 -0.9317 -0.1415 0.3344 0.2546 -0.9112 0.3239 0.2589 0.3870 0.8850 2.0327 3.0383 6.9482 7.8512 -4.2000 -29.2200 -24.0600 0.6485 1.1087 -0.3307 188.82472 -2.9875722 -2.9876 -0.3974 -0.2846 0.3563 -0.3579 0.1916 9.7257621002149E13 0.01999999943436137
0 -0.4608 -0.5237 0.7165 0.5678 -0.7945 -0.2156 0.6821 0.3075 0.6635 5.2483 2.3655 5.1046 7.6939 -4.2000 -29.2200 -24.0600 -0.3753 1.6145 -0.6759 213.3935 -2.5587661 -2.5588 -0.3125 -0.7993 0.3428 -0.3257 0.1841 9.7257641002149E13 0.01999999943436137
0 -0.4608 -0.5237 0.7165 0.5678 -0.7945 -0.2156 0.6821 0.3075 0.6635 5.2483 2.3655 5.1046 7.6939 -4.2000 -29.2200 -24.0600 -1.0003 1.8442 -0.6460 213.3935 -2.5587661 -2.5588 -0.3125 -0.7993 0.3298 -0.2888 0.1641 9.7257661002149E13 0.01999999943436137
0 -0.4608 -0.5237 0.7165 0.5678 -0.7945 -0.2156 0.6821 0.3075 0.6635 5.2483 2.3655 5.1046 7.6939 -4.2000 -29.2200 -24.0600 -1.1035 1.7544 -0.3283 213.3935 -2.5587661 -2.5588 -0.3125 -0.7993 0.3233 -0.2537 0.1420 9.7257681002149E13 0.01999999943436137
0 -0.4608 -0.5237 0.7165 0.5678 -0.7945 -0.2156 0.6821 0.3075 0.6635 5.2483 2.3655 5.1046 7.6939 -4.2000 -29.2200 -24.0600 -1.0021 1.4313 -0.0748 213.3935 -2.5587661 -2.5588 -0.3125 -0.7993 0.3218 -0.2251 0.1220 9.7257701002149E13 0.01999999943436137
0 -0.4608 -0.5237 0.7165 0.5678 -0.7945 -0.2156 0.6821 0.3075 0.6635 5.2483 2.3655 5.1046 7.6939 -4.2000 -29.2200 -24.0600 -0.6954 0.7941 0.2288 213.3935 -2.5587661 -2.5588 -0.3125 -0.7993 0.3264 -0.2092 0.1081 9.7257721002149E13 0.01999999943436137
1 -0.4608 -0.5237 0.7165 0.5678 -0.7945 -0.2156 0.6821 0.3075 0.6635 5.2483 2.3655 5.1046 7.6939 -8.3400 -28.9200 -21.4200 -0.6954 0.7941 0.2288 213.3935 -2.5587661 -2.5588 -0.3125 -0.7993 0.3264 -0.2092 0.1081 9.7257721002149E13 0.01999999943436137
0 -0.5444 -0.3922 0.7415 0.4882 -0.8670 -0.1001 0.6821 0.3075 0.6635 5.2483 2.3655 5.1046 7.6939 -8.3400 -28.9200 -21.4200 -0.0388 0.4514 0.5862 204.34026 -2.7167752 -2.7168 -0.3125 -0.7993 0.3381 -0.2001 0.1073 9.7257741002949E13 0.020000799434338745
0 -0.5444 -0.3922 0.7415 0.4882 -0.8670 -0.1001 0.6821 0.3075 0.6635 5.2483 2.3655 5.1046 7.6939 -8.3400 -28.9200 -21.4200 0.3235 0.1179 0.7377 204.34026 -2.7167752 -2.7168 -0.3125 -0.7993 0.3528 -0.1978 0.1138 9.7257761002949E13 0.01999999943436137
0 -0.5444 -0.3922 0.7415 0.4882 -0.8670 -0.1001 0.6821 0.3075 0.6635 5.2483 2.3655 5.1046 7.6939 -8.3400 -28.9200 -21.4200 0.4554 -0.0061 0.6876 204.34026 -2.7167752 -2.7168 -0.3125 -0.7993 0.3666 -0.1979 0.1229 9.7257781002949E13 0.01999999943436137
0 -0.9326 0.0017 0.3609 0.0847 -0.9711 0.2233 0.3508 0.2388 0.9055 2.8636 1.9489 7.3911 8.1625 -8.3400 -28.9200 -21.4200 0.5202 0.1038 0.5067 179.90253 3.1398914 3.1399 -0.2411 -0.3696 0.3767 -0.1958 0.1333 9.7257801002949E13 0.01999999943436137
0 -0.9410 0.0213 0.3376 0.0167 -0.9939 0.1092 0.3379 0.1084 0.9349 3.1341 1.0056 8.6721 9.2757 -8.3400 -28.9200 -21.4200 0.6778 -0.0531 0.4145 178.77148 3.1201508 3.1202 -0.1086 -0.3468 0.3850 -0.1969 0.1468 9.7257821002949E13 0.01999999943436137
0 -0.9410 0.0213 0.3376 0.0167 -0.9939 0.1092 0.3379 0.1084 0.9349 3.1341 1.0056 8.6721 9.2757 -8.3400 -28.9200 -21.4200 0.9905 -0.4728 0.3345 178.77148 3.1201508 3.1202 -0.1086 -0.3468 0.3917 -0.2064 0.1666 9.7257841003382E13 0.020000432434349125
0 -0.9410 0.0213 0.3376 0.0167 -0.9939 0.1092 0.3379 0.1084 0.9349 3.1341 1.0056 8.6721 9.2757 -8.3400 -28.9200 -21.4200 1.0022 -0.6225 0.1421 178.77148 3.1201508 3.1202 -0.1086 -0.3468 0.3945 -0.2188 0.1867 9.7257861003382E13 0.01999999943436137
0 -0.9410 0.0213 0.3376 0.0167 -0.9939 0.1092 0.3379 0.1084 0.9349 3.1341 1.0056 8.6721 9.2757 -8.3400 -28.9200 -21.4200 0.7523 0.3225 -0.0333 178.77148 3.1201508 3.1202 -0.1086 -0.3468 0.3939 -0.2127 0.2008 9.7257879790531E13 0.01878714846866314
0 -0.9410 0.0213 0.3376 0.0167 -0.9939 0.1092 0.3379 0.1084 0.9349 3.1341 1.0056 8.6721 9.2757 -8.3400 -28.9200 -21.4200 0.5489 0.7953 0.1537 178.77148 3.1201508 3.1202 -0.1086 -0.3468 0.3970 -0.1968 0.2118 9.7257899790531E13 0.01999999943436137
0 -0.9410 0.0213 0.3376 0.0167 -0.9939 0.1092 0.3379 0.1084 0.9349 3.1341 1.0056 8.6721 9.2757 -8.3400 -28.9200 -21.4200 0.1347 0.6799 0.5483 178.77148 3.1201508 3.1202 -0.1086 -0.3468 0.4080 -0.1832 0.2145 9.7257919790531E13 0.01999999943436137
1 -0.9410 0.0213 0.3376 0.0167 -0.9939 0.1092 0.3379 0.1084 0.9349 3.1341 1.0056 8.6721 9.2757 -12.1200 -28.2000 -19.9800 0.1347 0.6799 0.5483 178.77148 3.1201508 3.1202 -0.1086 -0.3468 0.4080 -0.1832 0.2145 9.7257919790531E13 0.01999999943436137
0 -0.9321 0.1764 0.3164 -0.1306 -0.9783 0.1607 0.3379 0.1084 0.9349 3.1341 1.0056 8.6721 9.2757 -12.1200 -28.2000 -19.9800 -0.3308 0.4685 0.6381 169.77759 2.9631777 2.9632 -0.1086 -0.3468 0.4207 -0.1739 0.2079 9.7257939790097E13 0.019999565434373645
0 -0.9321 0.1764 0.3164 -0.1306 -0.9783 0.1607 0.3379 0.1084 0.9349 3.1341 1.0056 8.6721 9.2757 -12.1200 -28.2000 -19.9800 0.1347 0.6787 0.2673 169.77759 2.9631777 2.9632 -0.1086 -0.3468 0.4261 -0.1603 0.2106 9.7257959790097E13 0.01999999943436137
0 -0.9029 0.0904 0.4202 -0.0451 -0.9922 0.1164 0.4274 0.0862 0.8999 4.1086 0.8284 8.6505 9.6124 -12.1200 -28.2000 -19.9800 0.1158 1.0049 0.0853 174.79657 3.0507758 3.0508 -0.0863 -0.4434 0.4278 -0.1402 0.2129 9.725797979053E13 0.020000432434349125
0 -0.9299 0.1678 0.3273 -0.0463 -0.9362 0.3484 0.3649 0.3088 0.8784 3.4142 2.8899 8.2195 9.3579 -12.1200 -28.2000 -19.9800 -0.2006 1.2401 -0.2012 169.83936 2.9642556 2.9643 -0.3140 -0.3937 0.4237 -0.1154 0.2089 9.725799979053E13 0.01999999943436137
0 -0.9299 0.1678 0.3273 -0.0463 -0.9362 0.3484 0.3649 0.3088 0.8784 3.4142 2.8899 8.2195 9.3579 -12.1200 -28.2000 -19.9800 -0.2794 0.9902 -0.4095 169.83936 2.9642556 2.9643 -0.3140 -0.3937 0.4156 -0.0956 0.2033 9.725801979053E13 0.01999999943436137
0 -0.9299 0.1678 0.3273 -0.0463 -0.9362 0.3484 0.3649 0.3088 0.8784 3.4142 2.8899 8.2195 9.3579 -12.1200 -28.2000 -19.9800 -0.1402 1.0299 -0.6673 169.83936 2.9642556 2.9643 -0.3140 -0.3937 0.4022 -0.0750 0.2005 9.725803979053E13 0.01999999943436137
0 -0.9299 0.1678 0.3273 -0.0463 -0.9362 0.3484 0.3649 0.3088 0.8784 3.4142 2.8899 8.2195 9.3579 -12.1200 -28.2000 -19.9800 -0.0278 1.3744 -0.9642 169.83936 2.9642556 2.9643 -0.3140 -0.3937 0.3829 -0.0475 0.1999 9.725805979053E13 0.01999999943436137
0 -0.9299 0.1678 0.3273 -0.0463 -0.9362 0.3484 0.3649 0.3088 0.8784 3.4142 2.8899 8.2195 9.3579 -12.1200 -28.2000 -19.9800 0.0492 1.9572 -1.1359 169.83936 2.9642556 2.9643 -0.3140 -0.3937 0.3602 -0.0084 0.2009 9.7258079790096E13 0.019999565434373645
0 -0.9299 0.1678 0.3273 -0.0463 -0.9362 0.3484 0.3649 0.3088 0.8784 3.4142 2.8899 8.2195 9.3579 -12.1200 -28.2000 -19.9800 -0.0381 2.2590 -1.0956 169.83936 2.9642556 2.9643 -0.3140 -0.3937 0.3383 0.0368 0.2001 9.7258099790096E13 0.01999999943436137
0 -0.9299 0.1678 0.3273 -0.0463 -0.9362 0.3484 0.3649 0.3088 0.8784 3.4142 2.8899 8.2195 9.3579 -12.1200 -28.2000 -19.9800 -0.2678 1.9774 -0.8536 169.83936 2.9642556 2.9643 -0.3140 -0.3937 0.3212 0.0764 0.1948 9.7258119790096E13 0.01999999943436137
1 -0.9299 0.1678 0.3273 -0.0463 -0.9362 0.3484 0.3649 0.3088 0.8784 3.4142 2.8899 8.2195 9.3579 -18.2400 -27.4200 -17.8200 -0.2678 1.9774 -0.8536 169.83936 2.9642556 2.9643 -0.3140 -0.3937 0.3212 0.0764 0.1948 9.7258119790096E13 0.01999999943436137
0 -0.8711 0.4463 0.2049 -0.3287 -0.8399 0.4318 0.3649 0.3088 0.8784 3.4142 2.8899 8.2195 9.3579 -18.2400 -27.4200 -17.8200 -0.4077 1.6683 -0.6398 152.01636 2.6531856 2.6532 -0.3140 -0.3937 0.3084 0.1097 0.1866 9.7258139790096E13 0.01999999943436137
0 -0.8683 0.4643 0.1743 -0.3774 -0.8466 0.3752 0.3218 0.2600 0.9104 3.3424 2.7007 9.4550 10.3857 -18.2400 -27.4200 -17.8200 -0.3472 1.4215 -0.4816 151.25769 2.6399446 2.6399 -0.2631 -0.3398 0.2988 0.1382 0.1797 9.7258159790096E13 0.01999999943436137
0 -0.8109 0.5815 -0.0648 -0.5851 -0.8062 0.0871 -0.0016 0.1086 0.9941 -0.0144 1.0008 9.1629 9.2174 -18.2400 -27.4200 -17.8200 -0.2721 1.1478 -0.2807 144.19681 2.5167093 2.5167 -0.1088 0.0016 0.2932 0.1611 0.1742 9.7258179790096E13 0.01999999943436137
0 -0.8109 0.5815 -0.0648 -0.5851 -0.8062 0.0871 -0.0016 0.1086 0.9941 -0.0144 1.0008 9.1629 9.2174 -18.2400 -27.4200 -17.8200 -0.3253 0.8796 0.0657 144.19681 2.5167093 2.5167 -0.1088 0.0016 0.2945 0.1787 0.1677 9.7258199790096E13 0.01999999943436137
0 -0.8109 0.5815 -0.0648 -0.5851 -0.8062 0.0871 -0.0016 0.1086 0.9941 -0.0144 1.0008 9.1629 9.2174 -18.2400 -27.4200 -17.8200 -0.6435 0.6555 0.4316 144.19681 2.5167093 2.5167 -0.1088 0.0016 0.3031 0.1918 0.1549 9.7258219790096E13 0.01999999943436137
0 -0.8109 0.5815 -0.0648 -0.5851 -0.8062 0.0871 -0.0016 0.1086 0.9941 -0.0144 1.0008 9.1629 9.2174 -18.2400 -27.4200 -17.8200 -0.9661 0.4044 0.2477 144.19681 2.5167093 2.5167 -0.1088 0.0016 0.3081 0.1999 0.1355 9.7258239790096E13 0.01999999943436137
0 -0.8109 0.5815 -0.0648 -0.5851 -0.8062 0.0871 -0.0016 0.1086 0.9941 -0.0144 1.0008 9.1629 9.2174 -18.2400 -27.4200 -17.8200 -1.2642 0.2340 -0.2202 144.19681 2.5167093 2.5167 -0.1088 0.0016 0.3037 0.2046 0.1103 9.7258259790096E13 0.01999999943436137
0 -0.8109 0.5815 -0.0648 -0.5851 -0.8062 0.0871 -0.0016 0.1086 0.9941 -0.0144 1.0008 9.1629 9.2174 -18.2400 -27.4200 -17.8200 -1.4737 0.4252 -0.2904 144.19681 2.5167093 2.5167 -0.1088 0.0016 0.2979 0.2131 0.0808 9.7258279790096E13 0.01999999943436137
0 -0.8109 0.5815 -0.0648 -0.5851 -0.8062 0.0871 -0.0016 0.1086 0.9941 -0.0144 1.0008 9.1629 9.2174 -18.2400 -27.4200 -17.8200 -1.2275 0.6750 0.3840 144.19681 2.5167093 2.5167 -0.1088 0.0016 0.3056 0.2266 0.0562 9.7258299790096E13 0.01999999943436137
0 -0.8109 0.5815 -0.0648 -0.5851 -0.8062 0.0871 -0.0016 0.1086 0.9941 -0.0144 1.0008 9.1629 9.2174 -18.2400 -27.4200 -17.8200 -0.4077 0.9578 0.7725 144.19681 2.5167093 2.5167 -0.1088 0.0016 0.3210 0.2457 0.0481 9.7258319790096E13 0.01999999943436137
1 -0.8029 0.5899 -0.0858 -0.5946 -0.8026 0.0466 -0.0414 0.0884 0.9952 -0.3879 0.8284 9.3233 9.3681 -20.9400 -26.7000 -18.1800 -0.4077 0.9578 0.7725 143.68677 2.5078073 2.5078 -0.0885 0.0416 0.3210 0.2457 0.0481 9.7258319790096E13 0.01999999943436137
0 -0.7533 0.6516 -0.0892 -0.6563 -0.7534 0.0396 -0.0414 0.0884 0.9952 -0.3879 0.8284 9.3233 9.3681 -20.9400 -26.7000 -18.1800 0.3669 0.9786 0.4438 139.14621 2.4285593 2.4286 -0.0885 0.0416 0.3299 0.2653 0.0554 9.7258339789729E13 0.01999963243437175
0 -0.7298 0.6688 -0.1417 -0.6626 -0.7430 -0.0945 -0.1685 0.0249 0.9854 -1.3121 0.1939 7.6737 7.7874 -20.9400 -26.7000 -18.1800 0.6051 0.3482 0.0553 138.00742 2.408684 2.4087 -0.0249 0.1693 0.3310 0.2723 0.0675 9.7258359789729E13 0.01999999943436137
0 -0.7298 0.6688 -0.1417 -0.6626 -0.7430 -0.0945 -0.1685 0.0249 0.9854 -1.3121 0.1939 7.6737 7.7874 -20.9400 -26.7000 -18.1800 0.5226 -0.3690 0.1439 138.00742 2.408684 2.4087 -0.0249 0.1693 0.3339 0.2649 0.0780 9.7258379789729E13 0.01999999943436137
0 -0.7298 0.6688 -0.1417 -0.6626 -0.7430 -0.0945 -0.1685 0.0249 0.9854 -1.3121 0.1939 7.6737 7.7874 -20.9400 -26.7000 -18.1800 0.4786 -0.9694 0.8171 138.00742 2.408684 2.4087 -0.0249 0.1693 0.3502 0.2455 0.0875 9.7258399789729E13 0.01999999943436137
0 -0.7298 0.6688 -0.1417 -0.6626 -0.7430 -0.0945 -0.1685 0.0249 0.9854 -1.3121 0.1939 7.6737 7.7874 -20.9400 -26.7000 -18.1800 0.3840 -0.9297 0.5691 138.00742 2.408684 2.4087 -0.0249 0.1693 0.3616 0.2269 0.0952 9.7258419789729E13 0.01999999943436137
0 -0.7298 0.6688 -0.1417 -0.6626 -0.7430 -0.0945 -0.1685 0.0249 0.9854 -1.3121 0.1939 7.6737 7.7874 -20.9400 -26.7000 -18.1800 0.2367 -0.8234 0.2734 138.00742 2.408684 2.4087 -0.0249 0.1693 0.3671 0.2105 0.1000 9.7258439789295E13 0.019999565434373645
0 -0.7298 0.6688 -0.1417 -0.6626 -0.7430 -0.0945 -0.1685 0.0249 0.9854 -1.3121 0.1939 7.6737 7.7874 -20.9400 -26.7000 -18.1800 0.1909 -0.5223 0.2209 138.00742 2.408684 2.4087 -0.0249 0.1693 0.3715 0.2000 0.1038 9.7258459789295E13 0.01999999943436137
0 -0.7298 0.6688 -0.1417 -0.6626 -0.7430 -0.0945 -0.1685 0.0249 0.9854 -1.3121 0.1939 7.6737 7.7874 -20.9400 -26.7000 -18.1800 0.1976 -0.0996 0.3345 138.00742 2.408684 2.4087 -0.0249 0.1693 0.3782 0.1980 0.1077 9.7258479789728E13 0.020000432434349125
0 -0.7298 0.6688 -0.1417 -0.6626 -0.7430 -0.0945 -0.1685 0.0249 0.9854 -1.3121 0.1939 7.6737 7.7874 -20.9400 -26.7000 -18.1800 0.1714 0.2541 0.4151 138.00742 2.408684 2.4087 -0.0249 0.1693 0.3865 0.2031 0.1112 9.7258499789728E13 0.01999999943436137
0 -0.7202 0.6747 -0.1613 -0.6549 -0.7380 -0.1625 -0.2287 -0.0114 0.9734 -1.9753 -0.0982 8.4087 8.6381 -20.9400 -26.7000 -18.1800 0.0382 0.3861 0.2874 137.5654 2.4009693 2.4010 0.0114 0.2307 0.3922 0.2108 0.1119 9.7258519789728E13 0.01999999943436137
1 -0.7078 0.6815 -0.1857 -0.7062 -0.6770 0.2071 0.0154 0.2777 0.9606 0.1437 2.5858 8.9450 9.3124 -16.8600 -26.3400 -21.0000 0.0382 0.3861 0.2874 134.8104 2.352885 2.3529 -0.2814 -0.0161 0.3922 0.2108 0.1119 9.7258519789728E13 0.01999999943436137
0 -0.7641 0.6229 -0.1678 -0.6449 -0.7314 0.2218 0.0154 0.2777 0.9606 0.1437 2.5858 8.9450 9.3124 -16.8600 -26.3400 -21.0000 -0.1915 0.3635 -0.0235 139.58093 2.436147 2.4361 -0.2814 -0.0161 0.3917 0.2181 0.1081 9.7258539789728E13 0.01999999943436137
0 -0.7641 0.6229 -0.1678 -0.6449 -0.7314 0.2218 0.0154 0.2777 0.9606 0.1437 2.5858 8.9450 9.3124 -16.8600 -26.3400 -21.0000 -0.4065 0.3225 -0.2300 139.58093 2.436147 2.4361 -0.2814 -0.0161 0.3871 0.2245 0.1000 9.7258559789728E13 0.01999999943436137
0 -0.7641 0.6229 -0.1678 -0.6449 -0.7314 0.2218 0.0154 0.2777 0.9606 0.1437 2.5858 8.9450 9.3124 -16.8600 -26.3400 -21.0000 -0.5207 0.2914 -0.2654 139.58093 2.436147 2.4361 -0.2814 -0.0161 0.3818 0.2304 0.0896 9.7258579789294E13 0.019999565434373645
0 -0.7641 0.6229 -0.1678 -0.6449 -0.7314 0.2218 0.0154 0.2777 0.9606 0.1437 2.5858 8.9450 9.3124 -16.8600 -26.3400 -21.0000 -0.5672 0.2248 -0.4218 139.58093 2.436147 2.4361 -0.2814 -0.0161 0.3734 0.2349 0.0782 9.7258599789294E13 0.01999999943436137
0 -0.7641 0.6229 -0.1678 -0.6449 -0.7314 0.2218 0.0154 0.2777 0.9606 0.1437 2.5858 8.9450 9.3124 -16.8600 -26.3400 -21.0000 -0.5916 0.0947 -0.7858 139.58093 2.436147 2.4361 -0.2814 -0.0161 0.3577 0.2368 0.0664 9.7258619789294E13 0.01999999943436137
0 -0.7641 0.6229 -0.1678 -0.6449 -0.7314 0.2218 0.0154 0.2777 0.9606 0.1437 2.5858 8.9450 9.3124 -16.8600 -26.3400 -21.0000 -0.5733 -0.0434 -1.0937 139.58093 2.436147 2.4361 -0.2814 -0.0161 0.3358 0.2359 0.0549 9.7258639789294E13 0.01999999943436137
0 -0.7641 0.6229 -0.1678 -0.6449 -0.7314 0.2218 0.0154 0.2777 0.9606 0.1437 2.5858 8.9450 9.3124 -16.8600 -26.3400 -21.0000 -0.5018 -0.1038 -1.0791 139.58093 2.436147 2.4361 -0.2814 -0.0161 0.3142 0.2338 0.0449 9.7258659789294E13 0.01999999943436137
0 -0.7641 0.6229 -0.1678 -0.6449 -0.7314 0.2218 0.0154 0.2777 0.9606 0.1437 2.5858 8.9450 9.3124 -16.8600 -26.3400 -21.0000 -0.4682 -0.1552 -0.9098 139.58093 2.436147 2.4361 -0.2814 -0.0161 0.2960 0.2307 0.0355 9.7258679789294E13 0.01999999943436137
0 -0.7685 0.6195 -0.1600 -0.6385 -0.7585 0.1300 -0.0409 0.2021 0.9785 -0.3879 1.9178 9.2874 9.4913 -16.8600 -26.3400 -21.0000 -0.5042 -0.2523 -0.8433 140.76181 2.4567568 2.4568 -0.2035 0.0417 0.2792 0.2257 0.0254 9.7258699789294E13 0.01999999943436137
0 -0.8179 0.5722 -0.0610 -0.5754 -0.8140 0.0799 -0.0040 0.1005 0.9949 -0.0431 1.0918 10.8125 10.8676 -16.8600 -26.3400 -21.0000 -0.5024 -0.3696 -0.8194 144.89502 2.528895 2.5289 -0.1006 0.0040 0.2628 0.2183 0.0154 9.7258719789294E13 0.01999999943436137
1 -0.8179 0.5722 -0.0610 -0.5754 -0.8140 0.0799 -0.0040 0.1005 0.9949 -0.0431 1.0918 10.8125 10.8676 -14.6400 -26.6400 -22.5600 -0.5024 -0.3696 -0.8194 144.89502 2.528895 2.5289 -0.1006 0.0040 0.2628 0.2183 0.0154 9.7258719789294E13 0.01999999943436137
0 -0.8544 0.5166 -0.0556 -0.5196 -0.8503 0.0838 -0.0040 0.1005 0.9949 -0.0431 1.0918 10.8125 10.8676 -14.6400 -26.6400 -22.5600 -0.4034 -0.3506 -0.7632 148.7193 2.5956414 2.5956 -0.1006 0.0040 0.2475 0.2113 0.0073 9.7258739790094E13 0.020000799434338745
0 -0.8544 0.5166 -0.0556 -0.5196 -0.8503 0.0838 -0.0040 0.1005 0.9949 -0.0431 1.0918 10.8125 10.8676 -14.6400 -26.6400 -22.5600 -0.3027 -0.1613 -0.7437 148.7193 2.5956414 2.5956 -0.1006 0.0040 0.2326 0.2080 0.0013 9.7258759790094E13 0.01999999943436137
0 -0.8544 0.5166 -0.0556 -0.5196 -0.8503 0.0838 -0.0040 0.1005 0.9949 -0.0431 1.0918 10.8125 10.8676 -14.6400 -26.6400 -22.5600 -0.2122 0.0464 -0.7492 148.7193 2.5956414 2.5956 -0.1006 0.0040 0.2177 0.2090 -0.0030 9.7258779790094E13 0.01999999943436137
0 -0.8544 0.5166 -0.0556 -0.5196 -0.8503 0.0838 -0.0040 0.1005 0.9949 -0.0431 1.0918 10.8125 10.8676 -14.6400 -26.6400 -22.5600 -0.0980 0.1283 -0.7162 148.7193 2.5956414 2.5956 -0.1006 0.0040 0.2033 0.2115 -0.0049 9.7258799790094E13 0.01999999943436137
0 -0.8544 0.5166 -0.0556 -0.5196 -0.8503 0.0838 -0.0040 0.1005 0.9949 -0.0431 1.0918 10.8125 10.8676 -14.6400 -26.6400 -22.5600 -0.0088 0.1466 -0.6356 148.7193 2.5956414 2.5956 -0.1006 0.0040 0.1906 0.2145 -0.0051 9.7258819790094E13 0.01999999943436137
0 -0.8544 0.5166 -0.0556 -0.5196 -0.8503 0.0838 -0.0040 0.1005 0.9949 -0.0431 1.0918 10.8125 10.8676 -14.6400 -26.6400 -22.5600 -0.0137 0.0623 -0.6001 148.7193 2.5956414 2.5956 -0.1006 0.0040 0.1786 0.2157 -0.0054 9.7258839790527E13 0.020000432434349125
0 -0.8544 0.5166 -0.0556 -0.5196 -0.8503 0.0838 -0.0040 0.1005 0.9949 -0.0431 1.0918 10.8125 10.8676 -14.6400 -26.6400 -22.5600 0.0657 -0.0275 -0.6411 148.7193 2.5956414 2.5956 -0.1006 0.0040 0.1658 0.2152 -0.0041 9.7258859790527E13 0.01999999943436137
0 -0.8653 0.5004 -0.0295 -0.5007 -0.8598 0.0998 0.0246 0.1011 0.9946 0.2682 1.1014 10.8365 10.8956 -14.6400 -26.6400 -22.5600 0.3852 -0.0324 -0.5928 149.79974 2.6144989 2.6145 -0.1013 -0.0247 0.1539 0.2145 0.0036 9.7258879790527E13 0.01999999943436137
0 -0.8988 0.4322 0.0729 -0.4343 -0.9006 -0.0151 0.0591 -0.0453 0.9972 0.6129 -0.4693 10.3337 10.3625 -14.6400 -26.6400 -22.5600 0.5929 -0.4050 -0.5678 154.3656 2.6941879 2.6942 0.0453 -0.0592 0.1426 0.2064 0.0155 9.7258899790527E13 0.01999999943436137
0 -0.8988 0.4322 0.0729 -0.4343 -0.9006 -0.0151 0.0591 -0.0453 0.9972 0.6129 -0.4693 10.3337 10.3625 -14.6400 -26.6400 -22.5600 0.7291 -0.4209 -0.5372 154.3656 2.6941879 2.6942 0.0453 -0.0592 0.1318 0.1980 0.0301 9.7258919790527E13 0.01999999943436137
1 -0.8988 0.4322 0.0729 -0.4343 -0.9006 -0.0151 0.0591 -0.0453 0.9972 0.6129 -0.4693 10.3337 10.3625 -11.7000 -26.4600 -25.6800 0.7291 -0.4209 -0.5372 154.3656 2.6941879 2.6942 0.0453 -0.0592 0.1318 0.1980 0.0301 9.7258919790527E13 0.01999999943436137
0 -0.9360 0.3448 0.0712 -0.3471 -0.9376 -0.0220 0.0591 -0.0453 0.9972 0.6129 -0.4693 10.3337 10.3625 -11.7000 -26.4600 -25.6800 0.7004 -0.3946 -0.4590 159.80933 2.789199 2.7892 0.0453 -0.0592 0.1227 0.1901 0.0441 9.7258939790093E13 0.019999565434373645
0 -0.9360 0.3448 0.0712 -0.3471 -0.9376 -0.0220 0.0591 -0.0453 0.9972 0.6129 -0.4693 10.3337 10.3625 -11.7000 -26.4600 -25.6800 0.5361 -0.2065 -0.3173 159.80933 2.789199 2.7892 0.0453 -0.0592 0.1163 0.1860 0.0548 9.7258959790093E13 0.01999999943436137
0 -0.9360 0.3448 0.0712 -0.3471 -0.9376 -0.0220 0.0591 -0.0453 0.9972 0.6129 -0.4693 10.3337 10.3625 -11.7000 -26.4600 -25.6800 0.3345 0.1729 -0.1469 159.80933 2.789199 2.7892 0.0453 -0.0592 0.1134 0.1894 0.0615 9.7258979790559E13 0.02000046543434819
0 -0.9360 0.3448 0.0712 -0.3471 -0.9376 -0.0220 0.0591 -0.0453 0.9972 0.6129 -0.4693 10.3337 10.3625 -11.7000 -26.4600 -25.6800 0.1158 0.4808 -0.0412 159.80933 2.789199 2.7892 0.0453 -0.0592 0.1125 0.1990 0.0638 9.7258999790559E13 0.01999999943436137
0 -0.9360 0.3448 0.0712 -0.3471 -0.9376 -0.0220 0.0591 -0.0453 0.9972 0.6129 -0.4693 10.3337 10.3625 -11.7000 -26.4600 -25.6800 -0.0791 0.6121 -0.0455 159.80933 2.789199 2.7892 0.0453 -0.0592 0.1116 0.2113 0.0622 9.7259019790559E13 0.01999999943436137
0 -0.9360 0.3448 0.0712 -0.3471 -0.9376 -0.0220 0.0591 -0.0453 0.9972 0.6129 -0.4693 10.3337 10.3625 -11.7000 -26.4600 -25.6800 -0.2544 0.3348 -0.0980 159.80933 2.789199 2.7892 0.0453 -0.0592 0.1097 0.2180 0.0571 9.7259039790559E13 0.01999999943436137
0 -0.9351 0.3480 0.0675 -0.3494 -0.9369 -0.0104 0.0596 -0.0333 0.9977 0.6081 -0.3400 10.1829 10.2067 -11.7000 -26.4600 -25.6800 -0.3460 -0.0819 -0.1218 159.62372 2.7859597 2.7860 0.0333 -0.0597 0.1072 0.2163 0.0502 9.7259059790559E13 0.01999999943436137
0 -0.9391 0.3331 0.0846 -0.3304 -0.9428 0.0454 0.0949 0.0147 0.9954 0.9290 0.1437 9.7471 9.7923 -11.7000 -26.4600 -25.6800 -0.3362 -0.2517 -0.1286 160.53839 2.8019235 2.8019 -0.0147 -0.0950 0.1047 0.2113 0.0435 9.7259079790125E13 0.019999565434373645
0 -0.9391 0.3331 0.0846 -0.3304 -0.9428 0.0454 0.0949 0.0147 0.9954 0.9290 0.1437 9.7471 9.7923 -11.7000 -26.4600 -25.6800 -0.2807 -0.1772 -0.1267 160.53839 2.8019235 2.8019 -0.0147 -0.0950 0.1021 0.2078 0.0379 9.7259099790125E13 0.01999999943436137
0 -0.9391 0.3331 0.0846 -0.3304 -0.9428 0.0454 0.0949 0.0147 0.9954 0.9290 0.1437 9.7471 9.7923 -11.7000 -26.4600 -25.6800 -0.2446 -0.0788 -0.0925 160.53839 2.8019235 2.8019 -0.0147 -0.0950 0.1003 0.2062 0.0330 9.7259119790125E13 0.01999999943436137
1 -0.9391 0.3331 0.0846 -0.3304 -0.9428 0.0454 0.0949 0.0147 0.9954 0.9290 0.1437 9.7471 9.7923 -10.7400 -26.2800 -26.1600 -0.2446 -0.0788 -0.0925 160.53839 2.8019235 2.8019 -0.0147 -0.0950 0.1003 0.2062 0.0330 9.7259119790125E13 0.01999999943436137
0 -0.9493 0.3023 0.0860 -0.2997 -0.9531 0.0426 0.0949 0.0147 0.9954 0.9290 0.1437 9.7471 9.7923 -10.7400 -26.2800 -26.1600 -0.2355 -0.1387 -0.0369 162.40027 2.8344197 2.8344 -0.0147 -0.0950 0.0995 0.2034 0.0283 9.7259139790125E13 0.01999999943436137
0 -0.9493 0.3023 0.0860 -0.2997 -0.9531 0.0426 0.0949 0.0147 0.9954 0.9290 0.1437 9.7471 9.7923 -10.7400 -26.2800 -26.1600 -0.2104 -0.2560 0.0071 162.40027 2.8344197 2.8344 -0.0147 -0.0950 0.0997 0.1983 0.0241 9.7259159790125E13 0.01999999943436137
0 -0.9493 0.3023 0.0860 -0.2997 -0.9531 0.0426 0.0949 0.0147 0.9954 0.9290 0.1437 9.7471 9.7923 -10.7400 -26.2800 -26.1600 -0.1707 -0.2841 0.0034 162.40027 2.8344197 2.8344 -0.0147 -0.0950 0.0998 0.1926 0.0206 9.7259179790125E13 0.01999999943436137
0 -0.9493 0.3023 0.0860 -0.2997 -0.9531 0.0426 0.0949 0.0147 0.9954 0.9290 0.1437 9.7471 9.7923 -10.7400 -26.2800 -26.1600 -0.1255 -0.1515 0.0058 162.40027 2.8344197 2.8344 -0.0147 -0.0950 0.0999 0.1896 0.0181 9.7259199790125E13 0.01999999943436137
0 -0.9493 0.3023 0.0860 -0.2997 -0.9531 0.0426 0.0949 0.0147 0.9954 0.9290 0.1437 9.7471 9.7923 -10.7400 -26.2800 -26.1600 -0.1169 -0.0434 0.0162 162.40027 2.8344197 2.8344 -0.0147 -0.0950 0.1002 0.1887 0.0158 9.7259219790125E13 0.01999999943436137
0 -0.9480 0.3081 0.0797 -0.3072 -0.9514 0.0241 0.0832 -0.0017 0.9965 0.8380 -0.0168 10.0344 10.0694 -10.7400 -26.2800 -26.1600 -0.1444 -0.0788 0.0474 162.05481 2.8283896 2.8284 0.0017 -0.0833 0.1011 0.1871 0.0129 9.7259239790125E13 0.01999999943436137
0 -0.9426 0.3290 0.0565 -0.3243 -0.9427 0.0785 0.0791 0.0557 0.9953 0.7207 0.5076 9.0719 9.1146 -10.7400 -26.2800 -26.1600 -0.1695 -0.1741 0.1036 160.75995 2.8057904 2.8058 -0.0557 -0.0793 0.1032 0.1837 0.0095 9.7259259790125E13 0.01999999943436137
0 -0.9426 0.3290 0.0565 -0.3243 -0.9427 0.0785 0.0791 0.0557 0.9953 0.7207 0.5076 9.0719 9.1146 -10.7400 -26.2800 -26.1600 -0.1994 -0.2443 0.1140 160.75995 2.8057904 2.8058 -0.0557 -0.0793 0.1055 0.1788 0.0055 9.7259279790125E13 0.01999999943436137
0 -0.9426 0.3290 0.0565 -0.3243 -0.9427 0.0785 0.0791 0.0557 0.9953 0.7207 0.5076 9.0719 9.1146 -10.7400 -26.2800 -26.1600 -0.2581 -0.2938 0.0730 160.75995 2.8057904 2.8058 -0.0557 -0.0793 0.1070 0.1729 0.0004 9.7259299790125E13 0.01999999943436137
0 -0.9426 0.3290 0.0565 -0.3243 -0.9427 0.0785 0.0791 0.0557 0.9953 0.7207 0.5076 9.0719 9.1146 -10.7400 -26.2800 -26.1600 -0.2868 -0.4056 0.0248 160.75995 2.8057904 2.8058 -0.0557 -0.0793 0.1075 0.1648 -0.0054 9.7259319790125E13 0.01999999943436137
1 -0.9426 0.3290 0.0565 -0.3243 -0.9427 0.0785 0.0791 0.0557 0.9953 0.7207 0.5076 9.0719 9.1146 -10.2600 -27.4200 -26.1000 -0.2868 -0.4056 0.0248 160.75995 2.8057904 2.8058 -0.0557 -0.0793 0.1075 0.1648 -0.0054 9.7259319790125E13 0.01999999943436137
0 -0.9520 0.3002 0.0588 -0.2956 -0.9522 0.0768 0.0791 0.0557 0.9953 0.7207 0.5076 9.0719 9.1146 -10.2600 -27.4200 -26.1000 -0.2263 -0.3525 0.0150 162.50012 2.8361626 2.8362 -0.0557 -0.0793 0.1078 0.1577 -0.0099 9.7259339789758E13 0.01999963243437175
0 -0.9520 0.3002 0.0588 -0.2956 -0.9522 0.0768 0.0791 0.0557 0.9953 0.7207 0.5076 9.0719 9.1146 -10.2600 -27.4200 -26.1000 -0.2110 -0.2779 0.0168 162.50012 2.8361626 2.8362 -0.0557 -0.0793 0.1081 0.1522 -0.0141 9.7259359789758E13 0.01999999943436137
0 -0.9520 0.3002 0.0588 -0.2956 -0.9522 0.0768 0.0791 0.0557 0.9953 0.7207 0.5076 9.0719 9.1146 -10.2600 -27.4200 -26.1000 -0.2306 -0.2987 -0.0155 162.50012 2.8361626 2.8362 -0.0557 -0.0793 0.1078 0.1462 -0.0187 9.7259379789758E13 0.01999999943436137
0 -0.9520 0.3002 0.0588 -0.2956 -0.9522 0.0768 0.0791 0.0557 0.9953 0.7207 0.5076 9.0719 9.1146 -10.2600 -27.4200 -26.1000 -0.2275 -0.4905 -0.1041 162.50012 2.8361626 2.8362 -0.0557 -0.0793 0.1057 0.1364 -0.0233 9.7259399789758E13 0.01999999943436137
0 -0.9531 0.2959 0.0638 -0.2893 -0.9524 0.0958 0.0891 0.0729 0.9933 0.8141 0.6656 9.0719 9.1326 -10.2600 -27.4200 -26.1000 -0.1976 -0.7001 -0.1518 162.74213 2.840386 2.8404 -0.0729 -0.0895 0.1027 0.1224 -0.0272 9.7259419789758E13 0.01999999943436137
0 -0.9641 0.2212 0.1466 -0.2217 -0.9750 0.0133 0.1459 -0.0196 0.9891 1.5659 -0.2107 10.6162 10.7331 -10.2600 -27.4200 -26.1000 -0.1854 -0.7196 -0.1347 167.21674 2.9184823 2.9185 0.0196 -0.1464 0.1000 0.1080 -0.0309 9.7259439789324E13 0.019999565434373645
0 -0.9641 0.2212 0.1466 -0.2217 -0.9750 0.0133 0.1459 -0.0196 0.9891 1.5659 -0.2107 10.6162 10.7331 -10.2600 -27.4200 -26.1000 -0.1719 -0.4630 -0.0815 167.21674 2.9184823 2.9185 0.0196 -0.1464 0.0983 0.0987 -0.0344 9.7259459789324E13 0.01999999943436137
0 -0.9641 0.2212 0.1466 -0.2217 -0.9750 0.0133 0.1459 -0.0196 0.9891 1.5659 -0.2107 10.6162 10.7331 -10.2600 -27.4200 -26.1000 -0.1463 -0.1460 -0.0363 167.21674 2.9184823 2.9185 0.0196 -0.1464 0.0976 0.0958 -0.0373 9.725947978979E13 0.02000046543434819
0 -0.9641 0.2212 0.1466 -0.2217 -0.9750 0.0133 0.1459 -0.0196 0.9891 1.5659 -0.2107 10.6162 10.7331 -10.2600 -27.4200 -26.1000 -0.1231 0.0263 -0.0125 167.21674 2.9184823 2.9185 0.0196 -0.1464 0.0974 0.0963 -0.0398 9.725949978979E13 0.01999999943436137
0 -0.9641 0.2212 0.1466 -0.2217 -0.9750 0.0133 0.1459 -0.0196 0.9891 1.5659 -0.2107 10.6162 10.7331 -10.2600 -27.4200 -26.1000 -0.0864 0.0990 0.0211 167.21674 2.9184823 2.9185 0.0196 -0.1464 0.0978 0.0983 -0.0415 9.725951978979E13 0.01999999943436137
1 -0.9641 0.2212 0.1466 -0.2217 -0.9750 0.0133 0.1459 -0.0196 0.9891 1.5659 -0.2107 10.6162 10.7331 -9.5400 -27.5400 -26.5200 -0.0864 0.0990 0.0211 167.21674 2.9184823 2.9185 0.0196 -0.1464 0.0978 0.0983 -0.0415 9.725951978979E13 0.01999999943436137
0 -0.9698 0.1945 0.1469 -0.1953 -0.9807 0.0093 0.1459 -0.0196 0.9891 1.5659 -0.2107 10.6162 10.7331 -9.5400 -27.5400 -26.5200 -0.0559 0.1912 0.0663 168.78284 2.945816 2.9458 0.0196 -0.1464 0.0991 0.1021 -0.0426 9.725953978979E13 0.01999999943436137
0 -0.9698 0.1945 0.1469 -0.1953 -0.9807 0.0093 0.1459 -0.0196 0.9891 1.5659 -0.2107 10.6162 10.7331 -9.5400 -27.5400 -26.5200 -0.0345 0.2993 0.0969 168.78284 2.945816 2.9458 0.0196 -0.1464 0.1010 0.1081 -0.0433 9.725955978979E13 0.01999999943436137
0 -0.9698 0.1945 0.1469 -0.1953 -0.9807 0.0093 0.1459 -0.0196 0.9891 1.5659 -0.2107 10.6162 10.7331 -9.5400 -27.5400 -26.5200 -0.0052 0.2651 0.0920 168.78284 2.945816 2.9458 0.0196 -0.1464 0.1029 0.1134 -0.0434 9.7259579789323E13 0.01999953243437458
0 -0.9702 0.1761 0.1662 -0.1788 -0.9839 -0.0013 0.1633 -0.0310 0.9861 1.8556 -0.3520 11.2076 11.3656 -9.5400 -27.5400 -26.5200 0.0437 0.1649 0.0767 169.85321 2.9644973 2.9645 0.0310 -0.1641 0.1044 0.1167 -0.0425 9.7259599789323E13 0.01999999943436137
0 -0.9700 0.1586 0.1843 -0.1574 -0.9873 0.0213 0.1853 -0.0084 0.9826 1.9058 -0.0862 10.1062 10.2847 -9.5400 -27.5400 -26.5200 0.1103 0.1222 0.0541 170.87622 2.9823527 2.9824 0.0084 -0.1864 0.1055 0.1192 -0.0403 9.7259619789323E13 0.01999999943436137
0 -0.9700 0.1586 0.1843 -0.1574 -0.9873 0.0213 0.1853 -0.0084 0.9826 1.9058 -0.0862 10.1062 10.2847 -9.5400 -27.5400 -26.5200 0.1763 0.0611 -0.0045 170.87622 2.9823527 2.9824 0.0084 -0.1864 0.1054 0.1204 -0.0368 9.7259639789323E13 0.01999999943436137
0 -0.9700 0.1586 0.1843 -0.1574 -0.9873 0.0213 0.1853 -0.0084 0.9826 1.9058 -0.0862 10.1062 10.2847 -9.5400 -27.5400 -26.5200 0.2019 -0.0470 -0.0937 170.87622 2.9823527 2.9824 0.0084 -0.1864 0.1035 0.1195 -0.0328 9.7259659789323E13 0.01999999943436137
0 -0.9700 0.1586 0.1843 -0.1574 -0.9873 0.0213 0.1853 -0.0084 0.9826 1.9058 -0.0862 10.1062 10.2847 -9.5400 -27.5400 -26.5200 0.1488 -0.1216 -0.1774 170.87622 2.9823527 2.9824 0.0084 -0.1864 0.1000 0.1170 -0.0298 9.7259679789323E13 0.01999999943436137
0 -0.9700 0.1586 0.1843 -0.1574 -0.9873 0.0213 0.1853 -0.0084 0.9826 1.9058 -0.0862 10.1062 10.2847 -9.5400 -27.5400 -26.5200 0.0620 -0.0904 -0.2190 170.87622 2.9823527 2.9824 0.0084 -0.1864 0.0956 0.1152 -0.0285 9.7259699789323E13 0.01999999943436137
0 -0.9700 0.1586 0.1843 -0.1574 -0.9873 0.0213 0.1853 -0.0084 0.9826 1.9058 -0.0862 10.1062 10.2847 -9.5400 -27.5400 -26.5200 -0.0052 0.0690 -0.2043 170.87622 2.9823527 2.9824 0.0084 -0.1864 0.0915 0.1166 -0.0286 9.7259719789323E13 0.01999999943436137
1 -0.9700 0.1586 0.1843 -0.1574 -0.9873 0.0213 0.1853 -0.0084 0.9826 1.9058 -0.0862 10.1062 10.2847 -9.9600 -28.2000 -26.1000 -0.0052 0.0690 -0.2043 170.87622 2.9823527 2.9824 0.0084 -0.1864 0.0915 0.1166 -0.0286 9.7259719789323E13 0.01999999943436137
0 -0.9678 0.1716 0.1840 -0.1701 -0.9851 0.0237 0.1853 -0.0084 0.9826 1.9058 -0.0862 10.1062 10.2847 -9.9600 -28.2000 -26.1000 -0.0656 0.3024 -0.1542 170.1214 2.969179 2.9692 0.0084 -0.1864 0.0884 0.1226 -0.0300 9.7259739789323E13 0.01999999943436137
0 -0.9678 0.1716 0.1840 -0.1701 -0.9851 0.0237 0.1853 -0.0084 0.9826 1.9058 -0.0862 10.1062 10.2847 -9.9600 -28.2000 -26.1000 -0.0785 0.5394 -0.0980 170.1214 2.969179 2.9692 0.0084 -0.1864 0.0865 0.1334 -0.0315 9.7259759789323E13 0.01999999943436137
0 -0.9674 0.1600 0.1963 -0.1575 -0.9871 0.0283 0.1983 -0.0036 0.9801 1.9825 -0.0359 9.7998 9.9983 -9.9600 -28.2000 -26.1000 0.0327 0.5296 -0.2336 170.79266 2.9808939 2.9809 0.0036 -0.1996 0.0818 0.1440 -0.0309 9.7259779789323E13 0.01999999943436137
0 -0.9673 0.2101 0.1421 -0.2098 -0.9776 0.0171 0.1425 -0.0133 0.9897 1.3839 -0.1293 9.6106 9.7106 -9.9600 -28.2000 -26.1000 0.0962 0.3305 -0.2446 167.87012 2.9298863 2.9299 0.0133 -0.1430 0.0769 0.1506 -0.0289 9.7259799789323E13 0.01999999943436137
0 -0.9673 0.2101 0.1421 -0.2098 -0.9776 0.0171 0.1425 -0.0133 0.9897 1.3839 -0.1293 9.6106 9.7106 -9.9600 -28.2000 -26.1000 0.1482 0.0849 -0.2238 167.87012 2.9298863 2.9299 0.0133 -0.1430 0.0724 0.1523 -0.0260 9.7259819789323E13 0.01999999943436137
0 -0.9673 0.2101 0.1421 -0.2098 -0.9776 0.0171 0.1425 -0.0133 0.9897 1.3839 -0.1293 9.6106 9.7106 -9.9600 -28.2000 -26.1000 0.1726 -0.2022 -0.1921 167.87012 2.9298863 2.9299 0.0133 -0.1430 0.0686 0.1483 -0.0225 9.7259839789756E13 0.020000432434349125
0 -0.9673 0.2101 0.1421 -0.2098 -0.9776 0.0171 0.1425 -0.0133 0.9897 1.3839 -0.1293 9.6106 9.7106 -9.9600 -28.2000 -26.1000 0.2068 -0.4117 -0.1359 167.87012 2.9298863 2.9299 0.0133 -0.1430 0.0659 0.1401 -0.0184 9.7259859789756E13 0.01999999943436137
0 -0.9673 0.2101 0.1421 -0.2098 -0.9776 0.0171 0.1425 -0.0133 0.9897 1.3839 -0.1293 9.6106 9.7106 -9.9600 -28.2000 -26.1000 0.1921 -0.4056 -0.0974 167.87012 2.9298863 2.9299 0.0133 -0.1430 0.0639 0.1319 -0.0146 9.7259879789756E13 0.01999999943436137
0 -0.9673 0.2101 0.1421 -0.2098 -0.9776 0.0171 0.1425 -0.0133 0.9897 1.3839 -0.1293 9.6106 9.7106 -9.9600 -28.2000 -26.1000 0.0785 -0.1374 -0.0394 167.87012 2.9298863 2.9299 0.0133 -0.1430 0.0631 0.1292 -0.0130 9.7259899789756E13 0.01999999943436137
0 -0.9673 0.2101 0.1421 -0.2098 -0.9776 0.0171 0.1425 -0.0133 0.9897 1.3839 -0.1293 9.6106 9.7106 -9.9600 -28.2000 -26.1000 -0.0155 0.1289 0.0517 167.87012 2.9298863 2.9299 0.0133 -0.1430 0.0642 0.1318 -0.0133 9.7259919789756E13 0.01999999943436137
1 -0.9673 0.2101 0.1421 -0.2098 -0.9776 0.0171 0.1425 -0.0133 0.9897 1.3839 -0.1293 9.6106 9.7106 -9.8400 -27.9000 -26.9400 -0.0155 0.1289 0.0517 167.87012 2.9298863 2.9299 0.0133 -0.1430 0.0642 0.1318 -0.0133 9.7259919789756E13 0.01999999943436137
0 -0.9685 0.2043 0.1422 -0.2041 -0.9788 0.0162 0.1425 -0.0133 0.9897 1.3839 -0.1293 9.6106 9.7106 -9.8400 -27.9000 -26.9400 -0.0882 0.2309 0.1262 168.21216 2.9358563 2.9359 0.0133 -0.1430 0.0667 0.1364 -0.0151 9.7259939789322E13 0.019999565434373645
0 -0.9678 0.2156 0.1302 -0.2170 -0.9762 0.0038 0.1279 -0.0246 0.9915 1.2067 -0.2322 9.3544 9.4348 -9.8400 -27.9000 -26.9400 -0.1396 0.2022 0.1231 167.54517 2.9242146 2.9242 0.0246 -0.1283 0.0692 0.1404 -0.0178 9.7259959789322E13 0.01999999943436137
0 -0.9686 0.2035 0.1430 -0.1987 -0.9789 0.0478 0.1497 0.0179 0.9886 1.5252 0.1820 10.0727 10.1891 -9.8400 -27.9000 -26.9400 -0.1615 0.1258 0.0633 168.25378 2.9365826 2.9366 -0.0179 -0.1503 0.0704 0.1430 -0.0211 9.7259979789755E13 0.020000432434349125
0 -0.9686 0.2035 0.1430 -0.1987 -0.9789 0.0478 0.1497 0.0179 0.9886 1.5252 0.1820 10.0727 10.1891 -9.8400 -27.9000 -26.9400 -0.1505 0.0721 -0.0082 168.25378 2.9365826 2.9366 -0.0179 -0.1503 0.0703 0.1444 -0.0241 9.7259999789755E13 0.01999999943436137
