0 -0.9227 0.1914 -0.3346 -0.1459 -0.9768 -0.1565 -0.3568 -0.0956 0.9293 -3.6656 -0.9817 9.5460 10.2726 3.4200 -24.4200 -23.4000 0.7297 0.2059 1.1701 168.91241 2.9480777 2.9481 0.0957 0.3666 297.1910 53.1155 186.5494 9.904600535569E13 256.25458689162514
0 -0.9606 0.1101 -0.2553 -0.1011 -0.9937 -0.0481 -0.2589 -0.0204 0.9657 -2.9809 -0.2346 11.1166 11.5117 3.4200 -24.4200 -23.4000 1.1818 -0.3067 1.5971 173.67969 3.031283 3.0313 0.0204 0.2620 297.2230 53.1094 186.5730 9.904602535569E13 0.01999999943436137
0 -0.9817 0.0409 -0.1861 -0.0419 -0.9991 0.0018 -0.1859 0.0095 0.9825 -1.9609 0.1006 10.3648 10.5492 3.4200 -24.4200 -23.4000 1.6307 -0.6774 2.0596 177.65802 3.1007173 3.1007 -0.0095 0.1870 297.2642 53.0958 186.6056 9.904604535569E13 0.01999999943436137
0 -0.9949 -0.0802 -0.0617 0.0749 -0.9937 0.0837 -0.0680 0.0787 0.9946 -0.7183 0.8308 10.5037 10.5609 3.4200 -24.4200 -23.4000 1.7480 -0.3800 2.3222 184.6155 -3.061037 -3.0610 -0.0787 0.0683 297.3106 53.0882 186.6406 9.904606535569E13 0.01999999943436137
0 -0.9947 -0.0882 -0.0533 0.0829 -0.9920 0.0955 -0.0613 0.0906 0.9940 -0.5914 0.8739 9.5915 9.6493 3.4200 -24.4200 -23.4000 1.7859 -0.2932 2.4652 185.0833 -3.0528724 -3.0529 -0.0907 0.0616 297.3599 53.0824 186.6763 9.904608535569E13 0.01999999943436137
0 -0.9916 -0.1292 -0.0101 0.1271 -0.9847 0.1191 -0.0253 0.1168 0.9928 -0.2275 1.0487 8.9115 8.9759 3.4200 -24.4200 -23.4000 1.5519 0.6512 2.5202 187.47392 -3.0111482 -3.0111 -0.1171 0.0255 297.4103 53.0954 186.7073 9.904610535569E13 0.01999999943436137
0 -0.9697 -0.2256 0.0937 0.2343 -0.9675 0.0947 0.0693 0.1138 0.9911 0.6417 1.0535 9.1749 9.2574 3.4200 -24.4200 -23.4000 1.0162 0.7789 2.6216 193.12578 -2.9125047 -2.9125 -0.1140 -0.0698 297.4628 53.1110 186.7276 9.904612535569E13 0.01999999943436137
1 -0.9554 -0.2627 0.1345 0.2753 -0.9576 0.0854 0.1064 0.1186 0.9872 0.9817 1.0942 9.1078 9.2257 3.5400 -23.6400 -24.3000 1.0162 0.7789 2.6216 195.34314 -2.8738043 -2.8738 -0.1189 -0.1074 297.4628 53.1110 186.7276 9.904612535569E13 0.01999999943436137
0 -0.9496 -0.2823 0.1363 0.2948 -0.9520 0.0826 0.1064 0.1186 0.9872 0.9817 1.0942 9.1078 9.2257 3.5400 -23.6400 -24.3000 0.4933 1.1454 2.7083 196.51532 -2.8533459 -2.8533 -0.1189 -0.1074 297.5169 53.1339 186.7375 9.904614535569E13 0.01999999943436137
0 -0.9601 -0.2571 0.1103 0.2659 -0.9612 0.0733 0.0872 0.0997 0.9912 0.7662 0.8763 8.7128 8.7902 3.5400 -23.6400 -24.3000 0.1726 1.5718 2.7126 194.97621 -2.8802085 -2.8802 -0.0999 -0.0877 297.5712 53.1653 186.7410 9.904616535569E13 0.01999999943436137
0 -0.9715 -0.2241 0.0765 0.2287 -0.9718 0.0575 0.0615 0.0733 0.9954 0.4956 0.5914 8.0256 8.0626 3.5400 -23.6400 -24.3000 -0.0021 1.7715 2.6790 192.98763 -2.9149158 -2.9149 -0.0734 -0.0617 297.6247 53.2007 186.7409 9.904618535569E13 0.01999999943436137
0 -0.9737 -0.2172 0.0694 0.2249 -0.9648 0.1361 0.0374 0.1481 0.9883 0.2825 1.1181 7.4606 7.5492 3.5400 -23.6400 -24.3000 -0.1499 1.7764 2.7046 192.68439 -2.9202085 -2.9202 -0.1487 -0.0379 297.6788 53.2363 186.7379 9.904620535639E13 0.020000699434341573
0 -0.9439 -0.2946 0.1491 0.3128 -0.9425 0.1180 0.1058 0.1580 0.9818 0.9074 1.3552 8.4207 8.5771 3.5400 -23.6400 -24.3000 -0.3729 1.4813 2.7981 197.361 -2.838586 -2.8386 -0.1587 -0.1073 297.7348 53.2659 186.7305 9.904622535639E13 0.01999999943436137
0 -0.9374 -0.3077 0.1628 0.3251 -0.9411 0.0933 0.1245 0.1404 0.9822 1.2187 1.3743 9.6154 9.7893 3.5400 -23.6400 -24.3000 -0.6197 0.8485 2.8262 198.10739 -2.8255591 -2.8256 -0.1409 -0.1261 297.7913 53.2829 186.7181 9.904624535639E13 0.01999999943436137
0 -0.9362 -0.3102 0.1654 0.3317 -0.9353 0.1233 0.1164 0.1703 0.9785 1.1852 1.7335 9.9602 10.1791 3.5400 -23.6400 -24.3000 -0.6319 0.3384 2.7334 198.34789 -2.8213618 -2.8214 -0.1711 -0.1184 297.8460 53.2896 186.7054 9.904626535639E13 0.01999999943436137
0 -0.9203 -0.3388 0.1955 0.3721 -0.9124 0.1705 0.1206 0.2296 0.9658 1.2163 2.3153 9.7375 10.0826 3.5400 -23.6400 -24.3000 -0.4322 0.1216 2.5819 200.37009 -2.7860675 -2.7861 -0.2317 -0.1243 297.8976 53.2921 186.6968 9.904628535639E13 0.01999999943436137
0 -0.9112 -0.3536 0.2113 0.3995 -0.8836 0.2441 0.1004 0.3068 0.9465 0.9721 2.9713 9.1653 9.6838 3.5400 -23.6400 -24.3000 -0.2868 0.0947 2.3839 201.81187 -2.7609036 -2.7609 -0.3119 -0.1057 297.9453 53.2939 186.6911 9.904630535639E13 0.01999999943436137
0 -0.8957 -0.3768 0.2360 0.4340 -0.8560 0.2807 0.0963 0.3539 0.9303 0.9625 3.5363 9.2970 9.9933 3.5400 -23.6400 -24.3000 -0.3381 0.1631 2.1756 203.75551 -2.726981 -2.7270 -0.3617 -0.1032 297.9888 53.2972 186.6843 9.904632535639E13 0.01999999943436137
1 -0.9054 -0.3627 0.2209 0.4143 -0.8686 0.2719 0.0933 0.3377 0.9366 0.9864 3.5699 9.9027 10.5726 1.2000 -24.0600 -23.4600 -0.3381 0.1631 2.1756 202.6619 -2.746068 -2.7461 -0.3444 -0.0993 297.9888 53.2972 186.6843 9.904632535639E13 0.01999999943436137
0 -0.9604 -0.2177 0.1741 0.2627 -0.9158 0.3040 0.0933 0.3377 0.9366 0.9864 3.5699 9.9027 10.5726 1.2000 -24.0600 -23.4600 -0.5128 0.1210 1.9637 193.37248 -2.9081988 -2.9082 -0.3444 -0.0993 298.0281 53.2996 186.6740 9.9046345357154E13 0.020000763434339763
0 -0.9719 -0.1874 0.1424 0.2227 -0.9279 0.2990 0.0762 0.3223 0.9436 0.8356 3.5363 10.3528 10.9720 1.2000 -24.0600 -23.4600 -0.6056 -0.0208 1.6967 191.41597 -2.9423463 -2.9423 -0.3282 -0.0805 298.0620 53.2992 186.6619 9.9046365357154E13 0.01999999943436137
0 -0.9816 -0.1563 0.1101 0.1833 -0.9328 0.3102 0.0542 0.3247 0.9443 0.5914 3.5435 10.3050 10.9132 1.2000 -24.0600 -23.4600 -0.5366 -0.1179 1.4072 189.5108 -2.9755979 -2.9756 -0.3307 -0.0573 298.0902 53.2969 186.6512 9.9046385357154E13 0.01999999943436137
0 -0.9887 -0.1272 0.0799 0.1470 -0.9285 0.3409 0.0308 0.3488 0.9367 0.3160 3.5770 9.6058 10.2551 1.2000 -24.0600 -23.4600 -0.3973 -0.0324 1.1396 187.80165 -3.005428 -3.0054 -0.3563 -0.0329 298.1130 53.2962 186.6432 9.9046405357154E13 0.01999999943436137
0 -0.9954 -0.0878 0.0391 0.0961 -0.9135 0.3953 0.0010 0.3972 0.9177 0.0096 3.7590 8.6840 9.4627 1.2000 -24.0600 -23.4600 -0.3540 0.2645 0.9276 185.48708 -3.045825 -3.0458 -0.4085 -0.0011 298.1315 53.3015 186.6362 9.9046425357154E13 0.01999999943436137
0 -0.9993 -0.0336 -0.0166 0.0236 -0.9075 0.4193 -0.0292 0.4187 0.9077 -0.2801 4.0176 8.7104 9.5964 1.2000 -24.0600 -23.4600 -0.4713 0.5479 0.7841 182.12207 -3.1045556 -3.1046 -0.4320 0.0321 298.1472 53.3125 186.6267 9.9046445357154E13 0.01999999943436137
0 -0.9987 -0.0009 -0.0502 -0.0191 -0.9176 0.3970 -0.0464 0.3974 0.9165 -0.4741 4.0607 9.3640 10.2176 1.2000 -24.0600 -23.4600 -0.6722 0.5388 0.6527 180.05525 -3.1406283 -3.1406 -0.4087 0.0506 298.1603 53.3232 186.6133 9.9046465357154E13 0.01999999943436137
0 -0.9967 0.0254 -0.0770 -0.0529 -0.9235 0.3799 -0.0615 0.3827 0.9218 -0.6345 3.9482 9.5101 10.3166 1.2000 -24.0600 -23.4600 -0.7730 0.3164 0.4780 178.42352 3.1140783 3.1141 -0.3927 0.0666 298.1698 53.3296 186.5978 9.9046485357154E13 0.01999999943436137
0 -0.9982 0.0080 -0.0592 -0.0283 -0.9357 0.3516 -0.0526 0.3526 0.9343 -0.5770 3.8668 10.2451 10.9657 1.2000 -24.0600 -23.4600 -0.7022 0.1173 0.2917 179.51239 3.1330826 3.1331 -0.3604 0.0563 298.1757 53.3319 186.5838 9.9046505357154E13 0.01999999943436137
0 -0.9991 -0.0091 -0.0418 -0.0066 -0.9325 0.3610 -0.0422 0.3610 0.9316 -0.4693 4.0104 10.3504 11.1101 1.2000 -24.0600 -23.4600 -0.5421 -0.1185 0.1494 180.55908 -3.1318347 -3.1318 -0.3693 0.0453 298.1786 53.3295 186.5729 9.9046525357154E13 0.01999999943436137
1 -0.9985 -0.0552 0.0056 0.0539 -0.9403 0.3362 -0.0133 0.3360 0.9418 -0.1556 3.9194 10.9873 11.6665 -3.3000 -23.1600 -23.7000 -0.5421 -0.1185 0.1494 183.36064 -3.0829384 -3.0829 -0.3426 0.0142 298.1786 53.3295 186.5729 9.9046525357154E13 0.01999999943436137
0 -0.9660 0.2388 -0.0989 -0.2581 -0.9111 0.3214 -0.0133 0.3360 0.9418 -0.1556 3.9194 10.9873 11.6665 -3.3000 -23.1600 -23.7000 -0.2709 -0.4019 0.0425 165.31134 2.8852274 2.8852 -0.3426 0.0142 298.1795 53.3215 186.5675 9.9046545357154E13 0.01999999943436137
0 -0.9850 0.1700 -0.0289 -0.1714 -0.9472 0.2709 0.0186 0.2718 0.9622 0.2346 3.4238 12.1222 12.5986 -3.3000 -23.1600 -23.7000 0.2068 -1.2223 -0.3552 169.8274 2.9640467 2.9640 -0.2752 -0.0194 298.1724 53.2971 186.5717 9.9046565357154E13 0.01999999943436137
0 -0.9924 0.1214 0.0195 -0.1147 -0.9713 0.2084 0.0443 0.2046 0.9778 0.5818 2.6888 12.8501 13.1412 -3.3000 -23.1600 -23.7000 0.3522 -1.2449 -0.5238 172.8742 3.0172238 3.0172 -0.2061 -0.0452 298.1619 53.2722 186.5787 9.9046585357154E13 0.01999999943436137
0 -0.9918 0.1266 0.0144 -0.1214 -0.9734 0.1943 0.0386 0.1909 0.9808 0.4860 2.4039 12.3497 12.5908 -3.3000 -23.1600 -23.7000 0.5226 -0.8467 -0.5916 172.58997 3.0122635 3.0123 -0.1921 -0.0393 298.1501 53.2552 186.5892 9.9046605357154E13 0.01999999943436137
0 -0.9926 0.1196 0.0214 -0.1122 -0.9698 0.2165 0.0466 0.2125 0.9760 0.5603 2.5547 11.7319 12.0199 -3.3000 -23.1600 -23.7000 0.6369 -0.3085 -0.5690 172.97137 3.0189202 3.0189 -0.2142 -0.0477 298.1387 53.2490 186.6019 9.9046625357154E13 0.01999999943436137
0 -0.9947 0.0882 0.0523 -0.0740 -0.9703 0.2303 0.0710 0.2252 0.9717 0.8188 2.5954 11.2004 11.5263 -3.3000 -23.1600 -23.7000 0.5739 0.1436 -0.4920 174.80371 3.0509007 3.0509 -0.2271 -0.0730 298.1289 53.2519 186.6134 9.9046645357154E13 0.01999999943436137
0 -0.9950 0.0591 0.0808 -0.0374 -0.9684 0.2466 0.0928 0.2423 0.9657 0.9888 2.5810 10.2858 10.6507 -3.3000 -23.1600 -23.7000 0.3980 0.5724 -0.4089 176.5105 3.0806894 3.0807 -0.2448 -0.0958 298.1207 53.2634 186.6213 9.9046665357154E13 0.01999999943436137
0 -0.9942 0.0388 0.1005 -0.0121 -0.9672 0.2538 0.1071 0.2511 0.9620 1.0607 2.4877 9.5292 9.9055 -3.3000 -23.1600 -23.7000 0.2343 0.8625 -0.3540 177.70398 3.1015198 3.1015 -0.2539 -0.1109 298.1136 53.2806 186.6260 9.9046685357154E13 0.01999999943436137
0 -0.9939 0.0348 0.1044 -0.0068 -0.9665 0.2567 0.1099 0.2544 0.9608 1.0295 2.3847 9.0049 9.3720 -3.3000 -23.1600 -23.7000 0.1103 0.8876 -0.3356 177.94055 3.105649 3.1056 -0.2573 -0.1138 298.1069 53.2984 186.6282 9.9046705357387E13 0.02000023243435478
0 -0.9909 0.0036 0.1344 0.0269 -0.9741 0.2245 0.1318 0.2261 0.9652 1.2546 2.1525 9.1892 9.5210 -3.3000 -23.1600 -23.7000 0.0016 0.6768 -0.3210 179.78735 3.1378808 3.1379 -0.2280 -0.1357 298.1005 53.3119 186.6283 9.9046725357387E13 0.01999999943436137
1 -0.9876 -0.0187 0.1558 0.0463 -0.9835 0.1751 0.1500 0.1802 0.9721 1.4988 1.8005 9.7160 9.9944 -8.3400 -21.3000 -23.8800 0.0016 0.6768 -0.3210 181.09137 -3.1225445 -3.1225 -0.1811 -0.1531 298.1005 53.3119 186.6283 9.9046725357387E13 0.01999999943436137
0 -0.9592 0.2647 0.0989 -0.2395 -0.9474 0.2125 0.1500 0.1802 0.9721 1.4988 1.8005 9.7160 9.9944 -8.3400 -21.3000 -23.8800 -0.0962 0.3842 -0.2929 164.3902 2.8691497 2.8691 -0.1811 -0.1531 298.0946 53.3196 186.6263 9.9046745357387E13 0.01999999943436137
0 -0.9595 0.2635 0.1001 -0.2399 -0.9499 0.2006 0.1479 0.1684 0.9746 1.4677 1.6712 9.6705 9.9230 -8.3400 -21.3000 -23.8800 -0.0876 0.2279 -0.2648 164.49725 2.8710184 2.8710 -0.1692 -0.1506 298.0893 53.3241 186.6246 9.9046765357387E13 0.01999999943436137
0 -0.9576 0.2738 0.0902 -0.2496 -0.9441 0.2156 0.1442 0.1839 0.9723 1.3576 1.7311 9.1533 9.4140 -8.3400 -21.3000 -23.8800 0.0504 0.2279 -0.2495 163.82916 2.8593583 2.8594 -0.1849 -0.1472 298.0843 53.3287 186.6256 9.9046785357387E13 0.01999999943436137
0 -0.9555 0.2836 0.0808 -0.2557 -0.9334 0.2518 0.1468 0.2199 0.9644 1.3169 1.9729 8.6505 8.9698 -8.3400 -21.3000 -23.8800 0.1891 0.2584 -0.2214 163.10095 2.8466485 2.8466 -0.2218 -0.1511 298.0799 53.3339 186.6294 9.9046805357153E13 0.01999976543436799
0 -0.9552 0.2851 0.0793 -0.2555 -0.9297 0.2652 0.1494 0.2331 0.9609 1.3025 2.0327 8.3800 8.7208 -8.3400 -21.3000 -23.8800 0.2264 0.2786 -0.1524 162.95215 2.8440518 2.8441 -0.2353 -0.1542 298.0769 53.3394 186.6339 9.9046825357153E13 0.01999999943436137
0 -0.9508 0.3038 0.0611 -0.2789 -0.9250 0.2582 0.1349 0.2284 0.9642 1.2235 2.0710 8.7415 9.0664 -8.3400 -21.3000 -23.8800 0.1567 0.2498 -0.0876 161.81873 2.8242693 2.8243 -0.2305 -0.1391 298.0751 53.3444 186.6370 9.9046845357586E13 0.020000432434349125
0 -0.9477 0.3151 0.0499 -0.2919 -0.9195 0.2634 0.1289 0.2351 0.9634 1.2235 2.2315 9.1437 9.4913 -8.3400 -21.3000 -23.8800 0.0437 0.1649 -0.0284 161.08148 2.8114023 2.8114 -0.2373 -0.1330 298.0745 53.3477 186.6379 9.9046865357586E13 0.01999999943436137
0 -0.9558 0.2822 0.0821 -0.2473 -0.9232 0.2943 0.1589 0.2610 0.9522 1.5228 2.5020 9.1270 9.5854 -8.3400 -21.3000 -23.8800 0.0315 0.0880 0.0517 163.00238 2.8449283 2.8449 -0.2641 -0.1653 298.0756 53.3495 186.6385 9.9046885357586E13 0.01999999943436137
0 -0.9631 0.2392 0.1230 -0.1911 -0.9304 0.3127 0.1893 0.2776 0.9419 1.8101 2.6553 9.0073 9.5633 -8.3400 -21.3000 -23.8800 0.1579 -0.0348 0.1109 165.58417 2.8899884 2.8900 -0.2813 -0.1983 298.0778 53.3488 186.6417 9.9046905357586E13 0.01999999943436137
0 -0.9672 0.1902 0.1681 -0.1277 -0.9369 0.3255 0.2194 0.2934 0.9305 2.1812 2.9162 9.2491 9.9402 -8.3400 -21.3000 -23.8800 0.2960 -0.2395 0.0962 168.52179 2.9412603 2.9413 -0.2978 -0.2316 298.0797 53.3440 186.6476 9.9046925357586E13 0.01999999943436137
1 -0.9674 0.1488 0.2051 -0.0742 -0.9403 0.3321 0.2423 0.3061 0.9207 2.5475 3.2179 9.6801 10.5142 -13.1400 -20.8800 -23.2200 0.2960 -0.2395 0.0962 171.00702 2.9846354 2.9846 -0.3110 -0.2573 298.0797 53.3440 186.6476 9.9046925357586E13 0.01999999943436137
0 -0.8796 0.4698 0.0753 -0.4094 -0.8280 0.3830 0.2423 0.3061 0.9207 2.5475 3.2179 9.6801 10.5142 -13.1400 -20.8800 -23.2200 0.3125 -0.4233 0.0376 150.43259 2.625544 2.6255 -0.3110 -0.2573 298.0805 53.3355 186.6539 9.9046945357152E13 0.019999565434373645
0 -0.8804 0.4679 0.0775 -0.4003 -0.8207 0.4077 0.2544 0.3280 0.9098 2.6313 3.3927 9.4119 10.3449 -13.1400 -20.8800 -23.2200 0.2099 -0.4313 -0.0381 150.31244 2.6234472 2.6234 -0.3341 -0.2726 298.0797 53.3269 186.6581 9.9046965357152E13 0.01999999943436137
0 -0.8554 0.5177 0.0185 -0.4573 -0.7714 0.4425 0.2434 0.3700 0.8966 2.4613 3.7423 9.0671 10.1131 -13.1400 -20.8800 -23.2200 0.0724 -0.1888 -0.1896 146.13483 2.550534 2.5505 -0.3791 -0.2651 298.0759 53.3231 186.6595 9.9046985357152E13 0.01999999943436137
0 -0.8609 0.5078 0.0305 -0.4422 -0.7767 0.4486 0.2515 0.3727 0.8932 2.6193 3.8811 9.3018 10.4138 -13.1400 -20.8800 -23.2200 -0.0614 0.1087 -0.4065 146.82199 2.5625272 2.5625 -0.3819 -0.2745 298.0678 53.3253 186.6583 9.9047005357152E13 0.01999999943436137
0 -0.8609 0.5078 0.0305 -0.4422 -0.7767 0.4486 0.2515 0.3727 0.8932 2.6193 3.8811 9.3018 10.4138 -13.1400 -20.8800 -23.2200 -0.3161 0.1619 -0.8188 146.82199 2.5625272 2.5625 -0.3819 -0.2745 298.0514 53.3286 186.6520 9.9047025357152E13 0.01999999943436137
0 -0.8886 0.4477 0.1003 -0.3944 -0.8571 0.3313 0.2343 0.2549 0.9382 2.6720 2.9066 10.7000 11.4052 -13.1400 -20.8800 -23.2200 -0.3033 0.0018 -1.0491 152.42285 2.6602802 2.6603 -0.2577 -0.2447 298.0304 53.3286 186.6459 9.9047045357152E13 0.01999999943436137
0 -0.8777 0.4741 0.0704 -0.4365 -0.8513 0.2911 0.1979 0.2248 0.9541 2.2219 2.5236 10.7120 11.2273 -13.1400 -20.8800 -23.2200 -0.1151 -0.1155 -1.2415 150.88739 2.6334817 2.6335 -0.2267 -0.2045 298.0056 53.3263 186.6436 9.9047065357152E13 0.01999999943436137
0 -0.8610 0.5076 0.0308 -0.4774 -0.8276 0.2951 0.1753 0.2394 0.9550 1.8915 2.5834 10.3050 10.7909 -13.1400 -20.8800 -23.2200 0.1763 -0.1374 -1.3167 148.47797 2.5914292 2.5914 -0.2418 -0.1815 297.9793 53.3235 186.6471 9.9047085357152E13 0.01999999943436137
0 -0.8769 0.4757 0.0685 -0.4335 -0.8444 0.3147 0.2075 0.2463 0.9467 2.2458 2.6648 10.2451 10.8216 -13.1400 -20.8800 -23.2200 0.4377 -0.3323 -1.2971 150.60678 2.6285841 2.6286 -0.2488 -0.2158 297.9533 53.3169 186.6559 9.9047105357152E13 0.01999999943436137
0 -0.8936 0.4338 0.1156 -0.3711 -0.8586 0.3537 0.2527 0.2732 0.9282 2.7414 2.9641 10.0703 10.8496 -13.1400 -20.8800 -23.2200 0.6698 -0.5980 -1.2935 153.19427 2.673745 2.6737 -0.2767 -0.2658 297.9274 53.3049 186.6693 9.9047125357152E13 0.01999999943436137
1 -0.8963 0.4258 0.1243 -0.3549 -0.8566 0.3746 0.2660 0.2916 0.9188 2.7821 3.0503 9.6106 10.4599 -15.1200 -19.2000 -23.8200 0.6698 -0.5980 -1.2935 153.56915 2.6802878 2.6803 -0.2959 -0.2818 297.9274 53.3049 186.6693 9.9047125357152E13 0.01999999943436137
0 -0.8155 0.5762 0.0532 -0.5139 -0.7635 0.3911 0.2660 0.2916 0.9188 2.7821 3.0503 9.6106 10.4599 -15.1200 -19.2000 -23.8200 0.8464 -0.7453 -1.3973 142.95584 2.49505 2.4950 -0.2959 -0.2818 297.8995 53.2900 186.6862 9.9047145357152E13 0.01999999943436137
0 -0.8168 0.5742 0.0556 -0.5160 -0.7702 0.3749 0.2581 0.2775 0.9254 2.5786 2.7726 9.2443 9.9897 -15.1200 -19.2000 -23.8200 0.8855 -0.7740 -1.6105 143.29361 2.5009453 2.5009 -0.2812 -0.2720 297.8673 53.2745 186.7039 9.9047165357152E13 0.01999999943436137
0 -0.7983 0.6019 0.0216 -0.5518 -0.7453 0.3743 0.2414 0.2869 0.9271 2.3368 2.7774 8.9761 9.6822 -15.1200 -19.2000 -23.8200 0.7829 -0.7410 -1.8115 141.07742 2.4622655 2.4623 -0.2909 -0.2547 297.8311 53.2597 186.7196 9.9047185357152E13 0.01999999943436137
0 -0.7783 0.6278 -0.0120 -0.5846 -0.7174 0.3789 0.2293 0.3019 0.9253 2.2506 2.9641 9.0839 9.8167 -15.1200 -19.2000 -23.8200 0.5868 -0.6750 -1.9251 138.81012 2.4226937 2.4227 -0.3067 -0.2429 297.7926 53.2462 186.7313 9.9047205357385E13 0.02000023243435478
0 -0.7802 0.6254 -0.0089 -0.5806 -0.7189 0.3821 0.2326 0.3033 0.9241 2.2458 2.9282 8.9211 9.6542 -15.1200 -19.2000 -23.8200 0.3882 -0.6103 -1.9874 138.97766 2.4256177 2.4256 -0.3082 -0.2466 297.7528 53.2340 186.7391 9.9047225357385E13 0.01999999943436137
0 -0.7959 0.6052 0.0174 -0.5596 -0.7462 0.3605 0.2312 0.2772 0.9326 2.1620 2.5930 8.7223 9.3529 -15.1200 -19.2000 -23.8200 0.2734 -0.6048 -2.0852 140.95648 2.4601548 2.4602 -0.2809 -0.2430 297.7111 53.2219 186.7445 9.9047245357385E13 0.01999999943436137
0 -0.7872 0.6167 0.0026 -0.5811 -0.7431 0.3319 0.2066 0.2598 0.9433 1.8699 2.3512 8.5380 9.0511 -15.1200 -19.2000 -23.8200 0.2325 -0.7275 -2.1963 140.3097 2.448866 2.4489 -0.2628 -0.2156 297.6672 53.2074 186.7492 9.9047265357385E13 0.01999999943436137
0 -0.7587 0.6501 -0.0424 -0.6262 -0.7096 0.3230 0.1798 0.2716 0.9455 1.6377 2.4733 8.6098 9.1065 -15.1200 -19.2000 -23.8200 0.1708 -0.8265 -2.2666 137.50748 2.3999581 2.4000 -0.2751 -0.1880 297.6218 53.1908 186.7526 9.9047285357385E13 0.01999999943436137
0 -0.7584 0.6504 -0.0428 -0.6298 -0.7144 0.3050 0.1677 0.2582 0.9514 1.5754 2.4254 8.9354 9.3918 -15.1200 -19.2000 -23.8200 0.0669 -0.8955 -2.2739 137.68524 2.403061 2.4031 -0.2612 -0.1745 297.5764 53.1729 186.7539 9.9047305357151E13 0.01999976543436799
0 -0.8016 0.5972 0.0274 -0.5686 -0.7758 0.2735 0.1846 0.2037 0.9615 1.8843 2.0782 9.8117 10.2049 -15.1200 -19.2000 -23.8200 -0.0015 -1.0751 -2.2434 142.41061 2.485534 2.4855 -0.2051 -0.1897 297.5315 53.1514 186.7539 9.9047325357151E13 0.01999999943436137
1 -0.8052 0.5921 0.0338 -0.5623 -0.7803 0.2738 0.1885 0.2015 0.9612 1.9585 2.0926 9.9841 10.3874 -14.2800 -19.8000 -22.4400 -0.0015 -1.0751 -2.2434 142.8093 2.4924927 2.4925 -0.2028 -0.1937 297.5315 53.1514 186.7539 9.9047325357151E13 0.01999999943436137
0 -0.8358 0.5469 0.0493 -0.5157 -0.8126 0.2715 0.1885 0.2015 0.9612 1.9585 2.0926 9.9841 10.3874 -14.2800 -19.8000 -22.4400 0.0596 -1.3665 -2.1798 146.06122 2.549249 2.5492 -0.2028 -0.1937 297.4879 53.1241 186.7551 9.9047345357584E13 0.020000432434349125
0 -0.8149 0.5795 0.0073 -0.5496 -0.7768 0.3074 0.1838 0.2465 0.9516 1.8029 2.4182 9.3353 9.8105 -14.2800 -19.8000 -22.4400 0.3058 -1.5223 -2.0888 143.27661 2.5006485 2.5006 -0.2491 -0.1908 297.4461 53.0937 186.7612 9.9047365357584E13 0.01999999943436137
0 -0.7840 0.6189 -0.0472 -0.5899 -0.7193 0.3669 0.1932 0.3155 0.9291 1.6975 2.7726 8.1645 8.7879 -14.2800 -19.8000 -22.4400 0.6008 -1.4380 -2.0351 139.2908 2.431083 2.4311 -0.3210 -0.2050 297.4054 53.0649 186.7732 9.9047385357584E13 0.01999999943436137
0 -0.7916 0.6100 -0.0345 -0.5715 -0.7192 0.3952 0.2162 0.3325 0.9180 1.9633 3.0192 8.3345 9.0793 -14.2800 -19.8000 -22.4400 0.7193 -1.3806 -2.0118 139.69556 2.4381473 2.4381 -0.3390 -0.2313 297.3652 53.0373 186.7876 9.9047405357584E13 0.01999999943436137
0 -0.8185 0.5744 0.0140 -0.5158 -0.7452 0.4226 0.2532 0.3387 0.9062 2.4469 3.2730 8.7583 9.6647 -14.2800 -19.8000 -22.4400 0.5746 -1.5852 -1.9550 142.37646 2.484938 2.4849 -0.3455 -0.2724 297.3261 53.0056 186.7991 9.9047425357584E13 0.01999999943436137
0 -0.8385 0.5421 0.0553 -0.4690 -0.7697 0.4331 0.2773 0.3372 0.8997 2.7271 3.3161 8.8468 9.8336 -14.2800 -19.8000 -22.4400 0.3345 -1.7190 -1.8689 144.84341 2.5279944 2.5280 -0.3440 -0.2990 297.2887 52.9712 186.8058 9.904744535715E13 0.019999565434373645
0 -0.8377 0.5435 0.0535 -0.4683 -0.7652 0.4417 0.2810 0.3450 0.8956 2.7678 3.3975 8.8205 9.8491 -14.2800 -19.8000 -22.4400 0.1146 -1.5504 -1.8646 144.61609 2.5240269 2.5240 -0.3522 -0.3041 297.2514 52.9402 186.8081 9.904746535715E13 0.01999999943436137
0 -0.8156 0.5786 0.0084 -0.5118 -0.7280 0.4562 0.2701 0.3678 0.8898 2.5571 3.4813 8.4231 9.4660 -14.2800 -19.8000 -22.4400 -0.2385 -1.0409 -1.9605 141.52112 2.4700093 2.4700 -0.3766 -0.2947 297.2122 52.9194 186.8033 9.904748535715E13 0.01999999943436137
0 -0.7686 0.6357 -0.0717 -0.5980 -0.6742 0.4333 0.2271 0.3760 0.8984 2.1836 3.6154 8.6385 9.6158 -14.2800 -19.8000 -22.4400 -0.3986 -0.8564 -2.0027 136.68668 2.3856323 2.3856 -0.3855 -0.2476 297.1721 52.9022 186.7954 9.904750535715E13 0.01999999943436137
0 -0.7738 0.6302 -0.0636 -0.5974 -0.6928 0.4038 0.2104 0.3505 0.9126 2.0064 3.3424 8.7032 9.5364 -14.2800 -19.8000 -22.4400 -0.5708 -0.6707 -2.0259 137.70969 2.4034874 2.4035 -0.3581 -0.2266 297.1316 52.8888 186.7839 9.904752535715E13 0.01999999943436137
1 -0.7738 0.6302 -0.0636 -0.5974 -0.6928 0.4038 0.2104 0.3505 0.9126 2.0064 3.3424 8.7032 9.5364 -11.4600 -22.5000 -21.0600 -0.5708 -0.6707 -2.0259 137.70969 2.4034874 2.4035 -0.3581 -0.2266 297.1316 52.8888 186.7839 9.904752535715E13 0.01999999943436137
0 -0.8908 0.4544 -0.0008 -0.4176 -0.8180 0.3957 0.1792 0.3528 0.9184 1.6161 3.1820 8.2842 9.0202 -11.4600 -22.5000 -21.0600 -0.6545 -0.3629 -2.0057 150.94537 2.6344936 2.6345 -0.3605 -0.1927 297.0915 52.8816 186.7708 9.904754535715E13 0.01999999943436137
0 -0.8447 0.5255 -0.1018 -0.5200 -0.7605 0.3888 0.1269 0.3814 0.9157 1.1229 3.3735 8.0998 8.8458 -11.4600 -22.5000 -21.0600 -0.6838 -0.1319 -1.9550 145.35873 2.5369885 2.5370 -0.3913 -0.1378 297.0524 52.8789 186.7572 9.904756535715E13 0.01999999943436137
0 -0.8232 0.5503 -0.1400 -0.5608 -0.7493 0.3521 0.0889 0.3684 0.9254 0.7973 3.3041 8.3010 8.9699 -11.4600 -22.5000 -21.0600 -0.7339 -0.1356 -1.9049 143.70837 2.5081844 2.5082 -0.3772 -0.0958 297.0143 52.8762 186.7425 9.904758535715E13 0.01999999943436137
0 -0.8291 0.5438 -0.1298 -0.5544 -0.7698 0.3163 0.0721 0.3342 0.9397 0.6752 3.1293 8.7990 9.3632 -11.4600 -22.5000 -21.0600 -0.7858 -0.2853 -1.8549 144.76398 2.526608 2.5266 -0.3408 -0.0766 296.9772 52.8705 186.7268 9.904760535715E13 0.01999999943436137
0 -0.8326 0.5399 -0.1237 -0.5502 -0.7807 0.2963 0.0634 0.3148 0.9470 0.6417 3.1868 9.5867 10.1228 -11.4600 -22.5000 -21.0600 -0.7498 -0.4191 -1.7871 145.33276 2.5365353 2.5365 -0.3203 -0.0668 296.9415 52.8621 186.7118 9.904762535715E13 0.01999999943436137
0 -0.8341 0.5381 -0.1210 -0.5487 -0.7872 0.2816 0.0563 0.3013 0.9519 0.5698 3.0503 9.6370 10.1242 -11.4600 -22.5000 -21.0600 -0.6142 -0.4319 -1.7345 145.64377 2.5419633 2.5420 -0.3060 -0.0591 296.9068 52.8535 186.6995 9.904764535715E13 0.01999999943436137
0 -0.8146 0.5592 -0.1541 -0.5798 -0.7775 0.2436 0.0164 0.2878 0.9575 0.1676 2.9378 9.7734 10.2068 -11.4600 -22.5000 -21.0600 -0.4444 -0.3684 -1.7034 144.27744 2.5181162 2.5181 -0.2920 -0.0171 296.8727 52.8461 186.6906 9.904766535715E13 0.01999999943436137
0 -0.8099 0.5638 -0.1617 -0.5866 -0.7805 0.2162 -0.0043 0.2699 0.9629 -0.0455 2.8540 10.1805 10.5730 -11.4600 -22.5000 -21.0600 -0.3124 -0.6463 -1.6783 144.15576 2.5159926 2.5160 -0.2733 0.0045 296.8392 52.8332 186.6844 9.904768535715E13 0.01999999943436137
0 -0.8317 0.5409 -0.1253 -0.5552 -0.8089 0.1935 0.0033 0.2305 0.9731 0.0359 2.5068 10.5803 10.8733 -11.4600 -22.5000 -21.0600 -0.1890 -1.1472 -1.6698 146.2276 2.552153 2.5522 -0.2326 -0.0034 296.8058 52.8103 186.6806 9.9047705357383E13 0.02000023243435478
0 -0.8589 0.5068 -0.0741 -0.5118 -0.8435 0.1630 0.0201 0.1779 0.9838 0.2322 2.0591 11.3872 11.5742 -11.4600 -22.5000 -21.0600 -0.1408 -1.5901 -1.6911 148.99954 2.6005328 2.6005 -0.1789 -0.0204 296.7719 52.7785 186.6778 9.9047725357383E13 0.01999999943436137
1 -0.8793 0.4754 -0.0294 -0.4750 -0.8707 0.1278 0.0351 0.1263 0.9914 0.4046 1.4557 11.4231 11.5226 -6.6600 -24.7800 -20.1000 -0.1408 -1.5901 -1.6911 151.36432 2.6418056 2.6418 -0.1267 -0.0354 296.7719 52.7785 186.6778 9.9047725357383E13 0.01999999943436137
0 -0.9660 0.2586 0.0013 -0.2562 -0.9577 0.1311 0.0351 0.1263 0.9914 0.4046 1.4557 11.4231 11.5226 -6.6600 -24.7800 -20.1000 -0.1945 -1.7715 -1.6856 164.88916 2.8778584 2.8779 -0.1267 -0.0354 296.7382 52.7430 186.6739 9.9047745357383E13 0.01999999943436137
0 -0.9684 0.2491 0.0138 -0.2460 -0.9628 0.1120 0.0412 0.1051 0.9936 0.4525 1.1540 10.9131 10.9833 -6.6600 -24.7800 -20.1000 -0.2581 -1.4985 -1.5800 165.49597 2.8884497 2.8884 -0.1053 -0.0414 296.7066 52.7131 186.6687 9.9047765357383E13 0.01999999943436137
0 -0.9576 0.2858 -0.0350 -0.2879 -0.9506 0.1157 -0.0002 0.1209 0.9927 -0.0024 1.2785 10.4965 10.5741 -6.6600 -24.7800 -20.1000 -0.3472 -0.9933 -1.3851 163.26715 2.8495493 2.8495 -0.1212 0.0002 296.6789 52.6932 186.6618 9.9047785357383E13 0.01999999943436137
0 -0.9492 0.3080 -0.0652 -0.3139 -0.9415 0.1229 -0.0235 0.1371 0.9903 -0.2586 1.5060 10.8772 10.9840 -6.6600 -24.7800 -20.1000 -0.4432 -0.6420 -1.2122 161.88489 2.8254242 2.8254 -0.1375 0.0238 296.6547 52.6804 186.6529 9.9047805357149E13 0.01999976543436799
0 -0.9578 0.2854 -0.0346 -0.2875 -0.9506 0.1173 0.0006 0.1222 0.9925 0.0072 1.4102 11.4494 11.5359 -6.6600 -24.7800 -20.1000 -0.4212 -0.6243 -1.1120 163.28546 2.8498688 2.8499 -0.1226 -0.0006 296.6324 52.6679 186.6445 9.9047825357149E13 0.01999999943436137
0 -0.9608 0.2763 -0.0222 -0.2769 -0.9530 0.1229 0.0128 0.1243 0.9922 0.1461 1.4222 11.3560 11.4457 -6.6600 -24.7800 -20.1000 -0.2165 -0.5559 -0.9844 163.83319 2.8594284 2.8594 -0.1246 -0.0129 296.6127 52.6568 186.6401 9.9047845357582E13 0.020000432434349125
0 -0.9425 0.3231 -0.0860 -0.3333 -0.9282 0.1654 -0.0264 0.1846 0.9825 -0.2538 1.7742 9.4430 9.6116 -6.6600 -24.7800 -20.1000 0.1048 -0.1723 -0.8323 160.80835 2.8066347 2.8066 -0.1856 0.0269 296.5961 52.6533 186.6422 9.9047865357582E13 0.01999999943436137
0 -0.8753 0.4240 -0.2327 -0.4730 -0.8508 0.2288 -0.1010 0.3103 0.9452 -0.8500 2.6122 7.9562 8.4170 -6.6600 -24.7800 -20.1000 0.4139 0.4355 -0.7260 153.51135 2.6792784 2.6793 -0.3156 0.1064 296.5816 52.6620 186.6505 9.9047885357582E13 0.01999999943436137
0 -0.8900 0.4066 -0.2063 -0.4492 -0.8594 0.2442 -0.0780 0.3101 0.9475 -0.7350 2.9210 8.9259 9.4204 -6.6600 -24.7800 -20.1000 0.4964 0.7428 -0.7028 154.68109 2.699694 2.6997 -0.3153 0.0822 296.5675 52.6769 186.6604 9.9047905357582E13 0.01999999943436137
0 -0.9401 0.3281 -0.0930 -0.3408 -0.9136 0.2219 -0.0122 0.2403 0.9706 -0.1245 2.4565 9.9243 10.2245 -6.6600 -24.7800 -20.1000 0.3137 0.4942 -0.7816 160.24524 2.7968073 2.7968 -0.2426 0.0125 296.5519 52.6868 186.6667 9.9047925357582E13 0.01999999943436137
1 -0.9458 0.3158 -0.0759 -0.3246 -0.9262 0.1918 -0.0097 0.2061 0.9785 -0.1030 2.1788 10.3457 10.5731 -1.0800 -26.6400 -20.5200 0.3137 0.4942 -0.7816 161.17383 2.8130136 2.8130 -0.2076 0.0100 296.5519 52.6868 186.6667 9.9047925357582E13 0.01999999943436137
0 -0.9981 0.0574 -0.0220 -0.0607 -0.9769 0.2051 -0.0097 0.2061 0.9785 -0.1030 2.1788 10.3457 10.5731 -1.0800 -26.6400 -20.5200 0.1726 0.2193 -1.1188 176.63531 3.0828683 3.0829 -0.2076 0.0100 296.5295 52.6911 186.6702 9.9047945357148E13 0.019999565434373645
0 -0.9936 0.0915 -0.0665 -0.1017 -0.9799 0.1716 -0.0495 0.1772 0.9829 -0.5004 1.7933 9.9458 10.1186 -1.0800 -26.6400 -20.5200 0.3033 0.3732 -1.3753 174.66577 3.0484931 3.0485 -0.1782 0.0503 296.5020 52.6986 186.6762 9.9047965357148E13 0.01999999943436137
0 -0.9839 0.1325 -0.1202 -0.1510 -0.9754 0.1604 -0.0960 0.1760 0.9797 -0.9314 1.7071 9.5029 9.6998 -1.0800 -26.6400 -20.5200 0.3998 0.5186 -1.5873 172.26471 3.006586 3.0066 -0.1769 0.0977 296.4703 52.7090 186.6842 9.9047985357148E13 0.01999999943436137
0 -0.9775 0.1521 -0.1461 -0.1747 -0.9721 0.1563 -0.1182 0.1783 0.9768 -1.1157 1.6832 9.2204 9.4389 -1.0800 -26.6400 -20.5200 0.3662 0.6542 -1.6918 171.10577 2.9863591 2.9864 -0.1793 0.1204 296.4364 52.7221 186.6916 9.9048005357148E13 0.01999999943436137
0 -0.9775 0.1521 -0.1461 -0.1747 -0.9721 0.1563 -0.1182 0.1783 0.9768 -1.1157 1.6832 9.2204 9.4389 -1.0800 -26.6400 -20.5200 0.2276 0.8088 -1.7467 171.10577 2.9863591 2.9864 -0.1793 0.1204 296.4015 52.7382 186.6961 9.9048025357148E13 0.01999999943436137
0 -0.9775 0.1521 -0.1461 -0.1747 -0.9721 0.1563 -0.1182 0.1783 0.9768 -1.1157 1.6832 9.2204 9.4389 -1.0800 -26.6400 -20.5200 0.1665 1.0611 -1.7987 171.10577 2.9863591 2.9864 -0.1793 0.1204 296.3655 52.7595 186.6994 9.9048045357148E13 0.01999999943436137
0 -0.9775 0.1521 -0.1461 -0.1747 -0.9721 0.1563 -0.1182 0.1783 0.9768 -1.1157 1.6832 9.2204 9.4389 -1.0800 -26.6400 -20.5200 0.1714 1.5052 -1.8206 171.10577 2.9863591 2.9864 -0.1793 0.1204 296.3291 52.7896 186.7029 9.9048065357148E13 0.01999999943436137
0 -0.9775 0.1521 -0.1461 -0.1747 -0.9721 0.1563 -0.1182 0.1783 0.9768 -1.1157 1.6832 9.2204 9.4389 -1.0800 -26.6400 -20.5200 0.0413 1.7990 -1.8787 171.10577 2.9863591 2.9864 -0.1793 0.1204 296.2915 52.8255 186.7037 9.9048085357148E13 0.01999999943436137
0 -0.9775 0.1521 -0.1461 -0.1747 -0.9721 0.1563 -0.1182 0.1783 0.9768 -1.1157 1.6832 9.2204 9.4389 -1.0800 -26.6400 -20.5200 -0.1591 1.9456 -2.0668 171.10577 2.9863591 2.9864 -0.1793 0.1204 296.2502 52.8645 186.7005 9.9048105357148E13 0.01999999943436137
0 -0.9775 0.1521 -0.1461 -0.1747 -0.9721 0.1563 -0.1182 0.1783 0.9768 -1.1157 1.6832 9.2204 9.4389 -1.0800 -26.6400 -20.5200 -0.3472 2.0531 -2.2012 171.10577 2.9863591 2.9864 -0.1793 0.1204 296.2062 52.9055 186.6936 9.9048125357148E13 0.01999999943436137
1 -0.9775 0.1521 -0.1461 -0.1747 -0.9721 0.1563 -0.1182 0.1783 0.9768 -1.1157 1.6832 9.2204 9.4389 5.4600 -27.1200 -21.4800 -0.3472 2.0531 -2.2012 171.10577 2.9863591 2.9864 -0.1793 0.1204 296.2062 52.9055 186.6936 9.9048125357148E13 0.01999999943436137
0 -0.9878 -0.1218 -0.0973 0.1016 -0.9764 0.1905 -0.1182 0.1783 0.9768 -1.1157 1.6832 9.2204 9.4389 5.4600 -27.1200 -21.4800 -0.6655 2.3017 -2.0742 187.11096 -3.017483 -3.0175 -0.1793 0.1204 296.1647 52.9516 186.6803 9.9048145357148E13 0.01999999943436137
0 -0.9878 -0.1218 -0.0973 0.1016 -0.9764 0.1905 -0.1182 0.1783 0.9768 -1.1157 1.6832 9.2204 9.4389 5.4600 -27.1200 -21.4800 -1.2165 2.3072 -1.6893 187.11096 -3.017483 -3.0175 -0.1793 0.1204 296.1309 52.9977 186.6559 9.9048165357148E13 0.01999999943436137
0 -0.9878 -0.1218 -0.0973 0.1016 -0.9764 0.1905 -0.1182 0.1783 0.9768 -1.1157 1.6832 9.2204 9.4389 5.4600 -27.1200 -21.4800 -1.6753 1.7336 -1.4725 187.11096 -3.017483 -3.0175 -0.1793 0.1204 296.1015 53.0324 186.6224 9.9048185357148E13 0.01999999943436137
0 -0.9878 -0.1240 -0.0946 0.1063 -0.9791 0.1735 -0.1141 0.1613 0.9803 -1.1516 1.6281 9.8955 10.0945 5.4600 -27.1200 -21.4800 -1.7742 0.9713 -1.7761 187.21625 -3.0156453 -3.0156 -0.1620 0.1159 296.0659 53.0518 186.5869 9.9048205357148E13 0.01999999943436137
0 -0.8502 0.2109 -0.4824 -0.2310 -0.9728 -0.0182 -0.4731 0.0960 0.8758 -5.2866 1.0726 9.7854 11.1737 5.4600 -27.1200 -21.4800 -1.3649 0.8039 -1.9269 167.76556 2.928061 2.9281 -0.0961 0.4953 296.0274 53.0679 186.5596 9.9048225357148E13 0.01999999943436137
0 -0.8502 0.2109 -0.4824 -0.2310 -0.9728 -0.0182 -0.4731 0.0960 0.8758 -5.2866 1.0726 9.7854 11.1737 5.4600 -27.1200 -21.4800 -0.7425 1.2181 -1.7803 167.76556 2.928061 2.9281 -0.0961 0.4953 295.9918 53.0922 186.5448 9.9048245357148E13 0.01999999943436137
0 -0.8502 0.2109 -0.4824 -0.2310 -0.9728 -0.0182 -0.4731 0.0960 0.8758 -5.2866 1.0726 9.7854 11.1737 5.4600 -27.1200 -21.4800 -0.1420 1.2431 -1.8237 167.76556 2.928061 2.9281 -0.0961 0.4953 295.9553 53.1171 186.5420 9.9048265357148E13 0.01999999943436137
0 -0.8502 0.2109 -0.4824 -0.2310 -0.9728 -0.0182 -0.4731 0.0960 0.8758 -5.2866 1.0726 9.7854 11.1737 5.4600 -27.1200 -21.4800 0.2294 0.5681 -1.8909 167.76556 2.928061 2.9281 -0.0961 0.4953 295.9175 53.1285 186.5465 9.9048285357148E13 0.01999999943436137
0 -0.8502 0.2109 -0.4824 -0.2310 -0.9728 -0.0182 -0.4731 0.0960 0.8758 -5.2866 1.0726 9.7854 11.1737 5.4600 -27.1200 -21.4800 0.4780 -0.1869 -1.7583 167.76556 2.928061 2.9281 -0.0961 0.4953 295.8823 53.1247 186.5561 9.9048305356914E13 0.01999976543436799
0 -0.8502 0.2109 -0.4824 -0.2310 -0.9728 -0.0182 -0.4731 0.0960 0.8758 -5.2866 1.0726 9.7854 11.1737 5.4600 -27.1200 -21.4800 0.7939 -0.6848 -1.5751 167.76556 2.928061 2.9281 -0.0961 0.4953 295.8508 53.1110 186.5720 9.9048325356914E13 0.01999999943436137
1 -0.8502 0.2109 -0.4824 -0.2310 -0.9728 -0.0182 -0.4731 0.0960 0.8758 -5.2866 1.0726 9.7854 11.1737 14.0400 -24.5400 -20.8800 0.7939 -0.6848 -1.5751 167.76556 2.928061 2.9281 -0.0961 0.4953 295.8508 53.1110 186.5720 9.9048325356914E13 0.01999999943436137
0 -0.8795 -0.1091 -0.4632 0.0511 -0.9894 0.1360 -0.4731 0.0960 0.8758 -5.2866 1.0726 9.7854 11.1737 14.0400 -24.5400 -20.8800 1.2025 -1.3152 -1.6130 186.29129 -3.0317888 -3.0318 -0.0961 0.4953 295.8186 53.0847 186.5960 9.9048345357347E13 0.020000432434349125
0 -0.8795 -0.1091 -0.4632 0.0511 -0.9894 0.1360 -0.4731 0.0960 0.8758 -5.2866 1.0726 9.7854 11.1737 14.0400 -24.5400 -20.8800 1.6313 -2.1771 -1.7828 186.29129 -3.0317888 -3.0318 -0.0961 0.4953 295.7829 53.0412 186.6287 9.9048365357347E13 0.01999999943436137
0 -0.8642 -0.0705 -0.4983 -0.0186 -0.9850 0.1715 -0.5029 0.1574 0.8499 -5.3153 1.6640 8.9833 10.5698 14.0400 -24.5400 -20.8800 1.9575 -2.9719 -1.8567 184.09175 -3.070178 -3.0702 -0.1581 0.5343 295.7458 52.9817 186.6678 9.9048385357347E13 0.01999999943436137
0 -0.8968 -0.4321 -0.0952 0.3888 -0.8723 0.2965 -0.2111 0.2288 0.9503 -1.7382 1.8843 7.8245 8.2338 14.0400 -24.5400 -20.8800 1.1488 -4.1582 -2.4266 206.35199 -2.6816638 -2.6817 -0.2309 0.2186 295.6973 52.8986 186.6908 9.9048405357347E13 0.01999999943436137
0 -0.8968 -0.4321 -0.0952 0.3888 -0.8723 0.2965 -0.2111 0.2288 0.9503 -1.7382 1.8843 7.8245 8.2338 14.0400 -24.5400 -20.8800 0.5269 -4.5888 -2.8322 206.35199 -2.6816638 -2.6817 -0.2309 0.2186 295.6406 52.8068 186.7013 9.9048425357347E13 0.01999999943436137
0 -0.8968 -0.4321 -0.0952 0.3888 -0.8723 0.2965 -0.2111 0.2288 0.9503 -1.7382 1.8843 7.8245 8.2338 14.0400 -24.5400 -20.8800 0.5770 -4.0262 -3.2012 206.35199 -2.6816638 -2.6817 -0.2309 0.2186 295.5766 52.7263 186.7129 9.9048445356913E13 0.019999565434373645
0 -0.8968 -0.4321 -0.0952 0.3888 -0.8723 0.2965 -0.2111 0.2288 0.9503 -1.7382 1.8843 7.8245 8.2338 14.0400 -24.5400 -20.8800 1.4585 -3.0177 -3.3716 206.35199 -2.6816638 -2.6817 -0.2309 0.2186 295.5092 52.6659 186.7420 9.9048465356913E13 0.01999999943436137
0 -0.8968 -0.4321 -0.0952 0.3888 -0.8723 0.2965 -0.2111 0.2288 0.9503 -1.7382 1.8843 7.8245 8.2338 14.0400 -24.5400 -20.8800 2.6545 -2.2132 -3.5085 206.35199 -2.6816638 -2.6817 -0.2309 0.2186 295.4390 52.6217 186.7951 9.9048485356913E13 0.01999999943436137
0 -0.8968 -0.4321 -0.0952 0.3888 -0.8723 0.2965 -0.2111 0.2288 0.9503 -1.7382 1.8843 7.8245 8.2338 14.0400 -24.5400 -20.8800 3.1713 -1.9199 -3.6691 206.35199 -2.6816638 -2.6817 -0.2309 0.2186 295.3656 52.5833 186.8585 9.9048505356913E13 0.01999999943436137
0 -0.8968 -0.4321 -0.0952 0.3888 -0.8723 0.2965 -0.2111 0.2288 0.9503 -1.7382 1.8843 7.8245 8.2338 14.0400 -24.5400 -20.8800 2.7150 -1.7373 -3.7449 206.35199 -2.6816638 -2.6817 -0.2309 0.2186 295.2907 52.5485 186.9128 9.9048525356913E13 0.01999999943436137
1 -0.8968 -0.4321 -0.0952 0.3888 -0.8723 0.2965 -0.2111 0.2288 0.9503 -1.7382 1.8843 7.8245 8.2338 21.2400 -19.0800 -20.3400 2.7150 -1.7373 -3.7449 206.35199 -2.6816638 -2.6817 -0.2309 0.2186 295.2907 52.5485 186.9128 9.9048525356913E13 0.01999999943436137
0 -0.6463 -0.7620 0.0399 0.7333 -0.6057 0.3088 -0.2111 0.2288 0.9503 -1.7382 1.8843 7.8245 8.2338 21.2400 -19.0800 -20.3400 1.7010 -1.5650 -3.8878 231.51886 -2.242419 -2.2424 -0.2309 0.2186 295.2129 52.5172 186.9469 9.9048545356913E13 0.01999999943436137
0 -0.6418 -0.7654 0.0478 0.7658 -0.6362 0.0936 -0.0412 0.0967 0.9945 -0.4717 1.1062 11.3752 11.4386 21.2400 -19.0800 -20.3400 0.6839 -1.3451 -4.0418 230.26479 -2.2643065 -2.2643 -0.0969 0.0414 295.1321 52.4903 186.9605 9.9048565356913E13 0.01999999943436137
0 -0.6711 -0.7414 -0.0053 0.7412 -0.6707 -0.0262 0.0159 -0.0215 0.9996 0.1700 -0.2299 10.6737 10.6775 21.2400 -19.0800 -20.3400 0.0309 -1.1539 -3.9092 227.86484 -2.3061936 -2.3062 0.0215 -0.0159 295.0539 52.4672 186.9612 9.9048585356913E13 0.01999999943436137
0 -0.6711 -0.7414 -0.0053 0.7412 -0.6707 -0.0262 0.0159 -0.0215 0.9996 0.1700 -0.2299 10.6737 10.6775 21.2400 -19.0800 -20.3400 -0.1524 -1.1161 -3.8066 227.86484 -2.3061936 -2.3062 0.0215 -0.0159 294.9778 52.4449 186.9581 9.9048605356913E13 0.01999999943436137
0 -0.6711 -0.7414 -0.0053 0.7412 -0.6707 -0.0262 0.0159 -0.0215 0.9996 0.1700 -0.2299 10.6737 10.6775 21.2400 -19.0800 -20.3400 -0.1383 -0.9957 -3.9831 227.86484 -2.3061936 -2.3062 0.0215 -0.0159 294.8981 52.4250 186.9553 9.9048625356913E13 0.01999999943436137
0 -0.6711 -0.7414 -0.0053 0.7412 -0.6707 -0.0262 0.0159 -0.0215 0.9996 0.1700 -0.2299 10.6737 10.6775 21.2400 -19.0800 -20.3400 -0.1414 -0.7074 -3.8664 227.86484 -2.3061936 -2.3062 0.0215 -0.0159 294.8208 52.4109 186.9525 9.9048645356913E13 0.01999999943436137
0 -0.6711 -0.7414 -0.0053 0.7412 -0.6707 -0.0262 0.0159 -0.0215 0.9996 0.1700 -0.2299 10.6737 10.6775 21.2400 -19.0800 -20.3400 0.0376 -0.1161 -3.2837 227.86484 -2.3061936 -2.3062 0.0215 -0.0159 294.7551 52.4085 186.9533 9.9048665356913E13 0.01999999943436137
0 -0.6711 -0.7414 -0.0053 0.7412 -0.6707 -0.0262 0.0159 -0.0215 0.9996 0.1700 -0.2299 10.6737 10.6775 21.2400 -19.0800 -20.3400 0.2966 0.5541 -2.9489 227.86484 -2.3061936 -2.3062 0.0215 -0.0159 294.6962 52.4196 186.9592 9.9048685356913E13 0.01999999943436137
0 -0.6711 -0.7414 -0.0053 0.7412 -0.6707 -0.0262 0.0159 -0.0215 0.9996 0.1700 -0.2299 10.6737 10.6775 21.2400 -19.0800 -20.3400 0.1445 0.8540 -2.9367 227.86484 -2.3061936 -2.3062 0.0215 -0.0159 294.6374 52.4367 186.9621 9.9048705356913E13 0.01999999943436137
0 -0.6711 -0.7414 -0.0053 0.7412 -0.6707 -0.0262 0.0159 -0.0215 0.9996 0.1700 -0.2299 10.6737 10.6775 21.2400 -19.0800 -20.3400 -0.4358 0.4832 -2.9080 227.86484 -2.3061936 -2.3062 0.0215 -0.0159 294.5793 52.4464 186.9534 9.9048725356913E13 0.01999999943436137
1 -0.6203 -0.7799 0.0839 0.7734 -0.6259 -0.1005 0.1309 0.0026 0.9914 1.5970 0.0311 12.0983 12.2033 23.8200 -12.3600 -22.3800 -0.4358 0.4832 -2.9080 231.25153 -2.2470849 -2.2471 -0.0026 -0.1312 294.5793 52.4464 186.9534 9.9048725356913E13 0.01999999943436137
0 -0.4168 -0.9072 0.0574 0.8995 -0.4208 -0.1177 0.1309 0.0026 0.9914 1.5970 0.0311 12.0983 12.2033 23.8200 -12.3600 -22.3800 -0.8622 -0.1258 -2.7388 245.11769 -2.0050745 -2.0051 -0.0026 -0.1312 294.5245 52.4438 186.9361 9.9048745356913E13 0.01999999943436137
0 -0.5470 -0.8278 -0.1250 0.8077 -0.5611 0.1813 -0.2202 -0.0018 0.9754 -2.3416 -0.0192 10.3720 10.6331 23.8200 -12.3600 -22.3800 -0.8365 -0.5076 -2.4169 235.86958 -2.1664844 -2.1665 0.0018 0.2220 294.4761 52.4337 186.9194 9.9048765356913E13 0.01999999943436137
0 -0.5470 -0.8278 -0.1250 0.8077 -0.5611 0.1813 -0.2202 -0.0018 0.9754 -2.3416 -0.0192 10.3720 10.6331 23.8200 -12.3600 -22.3800 -0.5433 -0.7819 -1.9440 235.86958 -2.1664844 -2.1665 0.0018 0.2220 294.4373 52.4181 186.9085 9.9048785356913E13 0.01999999943436137
0 -0.5470 -0.8278 -0.1250 0.8077 -0.5611 0.1813 -0.2202 -0.0018 0.9754 -2.3416 -0.0192 10.3720 10.6331 23.8200 -12.3600 -22.3800 -0.2361 -1.0049 -1.5030 235.86958 -2.1664844 -2.1665 0.0018 0.2220 294.4072 52.3980 186.9038 9.9048805356913E13 0.01999999943436137
0 -0.5470 -0.8278 -0.1250 0.8077 -0.5611 0.1813 -0.2202 -0.0018 0.9754 -2.3416 -0.0192 10.3720 10.6331 23.8200 -12.3600 -22.3800 0.0199 -1.2394 -1.4175 235.86958 -2.1664844 -2.1665 0.0018 0.2220 294.3789 52.3732 186.9042 9.9048825356913E13 0.01999999943436137
